tree
version=v4
num_class=1
num_tree_per_iteration=1
label_index=0
max_feature_idx=3
objective=quantile
feature_names=platform eta_pred_s rain hour
feature_infos=-1:1:0 [540:842.4000244140625] [0:6] [11:22]
tree_sizes=2506 2734 2737 2738 2778 2783 2757 2746 2750 2739 2738 2736 2754 2764 2746 2764 2759 2766 2734 2749 2725 2726 2769 2752 2750 2755 2760 2769 2745 2788 2769

Tree=0
num_leaves=30
num_cat=8
split_feature=1 1 3 0 3 3 3 3 3 3 3 3 0 3 3 0 0 2 3 3 3 1 0 3 0 2 0 0 3
split_gain=6.52961 3.54599 0.606189 0.159384 0.171422 0.170169 0.0908481 0.0872929 0.0729812 0.17506 0.271326 0.201388 0.0673684 0.0647339 0.0597391 0.406203 0.0699735 0.0522092 0.0490862 0.016763 0.0123842 0.00955832 0.014174 0.00815954 0.0141304 0.00341582 0.000217024 0.00016469 6.27896e-05
threshold=594.00000000000011 675.00000000000011 18.500000000000004 0 19.500000000000004 18.500000000000004 13.500000000000002 17.000000000000004 20.500000000000004 19.500000000000004 13.500000000000002 18.500000000000004 1 11.500000000000002 13.500000000000002 2 3 1.0000000180025095e-35 20.500000000000004 12.500000000000002 12.500000000000002 772.20001220703136 4 12.500000000000002 5 1.0000000180025095e-35 6 7 20.500000000000004
decision_type=2 2 2 1 2 2 2 2 2 2 2 2 1 2 2 1 1 2 2 2 2 2 1 2 1 2 1 1 2
left_child=2 3 7 8 5 6 19 13 9 10 20 -12 -4 -1 15 -15 -16 27 21 -5 -2 22 -19 24 -23 -10 -20 -3 -6
right_child=1 17 12 4 28 -7 -8 -9 25 -11 11 -13 -14 14 16 -17 -18 18 26 -21 -22 23 -24 -25 -26 -27 -28 -29 -30
leaf_value=408.29577282737313 411.24237483140485 428.51156931585058 408.27131342385945 412.78384584732169 413.37378602253642 411.67475244798408 413.83821769742434 411.81679483000528 412.99736696854313 411.3380268129676 413.68638277738205 412.81595620048586 406.51211811503362 412.24902405422768 407.17688410061618 407.84592004086682 409.25703172669853 417.56475564576994 420.05213319079627 412.54580147143997 411.90735518192236 417.8788251248929 415.71992676197021 420.77261957806502 422.53361624494153 415.4583331507057 423.09871551691401 417.02181451321411 413.63898371641295
leaf_weight=32 188 24 45 201 337 225 69 27 151 401 96 274 50 49 72 34 63 33 29 306 400 52 29 277 40 20 26 22 154
leaf_count=32 188 24 45 201 337 225 69 27 151 401 96 274 50 49 72 34 63 33 29 306 400 52 29 277 40 20 26 22 154
internal_value=412.56 412.561 412.553 412.56 412.561 412.56 412.561 412.554 412.56 412.56 412.56 412.561 412.549 412.554 412.554 412.555 412.553 412.566 412.566 412.56 412.559 412.566 412.565 412.566 412.566 412.561 412.564 412.564 412.562
internal_weight=3726 3354 372 2822 1292 801 576 277 1530 1359 958 370 95 250 218 83 135 532 486 507 588 431 62 369 92 171 55 46 491
internal_count=3726 3354 372 2822 1292 801 576 277 1530 1359 958 370 95 250 218 83 135 532 486 507 588 431 62 369 92 171 55 46 491
cat_boundaries=0 1 2 3 4 5 6 7 8
cat_threshold=2 2 2 2 2 2 2 2
is_linear=0
shrinkage=1


Tree=1
num_leaves=31
num_cat=8
split_feature=1 1 3 0 3 3 3 3 3 3 3 3 0 3 3 0 0 2 3 3 3 3 0 3 3 0 2 0 0 3
split_gain=6.47396 3.42549 0.606189 0.143448 0.189933 0.152438 0.100351 0.0872929 0.0729812 0.17506 0.271326 0.201388 0.0673684 0.0647339 0.0597391 0.406203 0.0699735 0.0462916 0.0421686 0.0123842 0.00706864 0.040412 0.046595 0.00557631 0.00492578 0.0108359 0.00341582 0.000217024 0.00016469 6.27896e-05
threshold=594.00000000000011 675.00000000000011 18.500000000000004 0 19.500000000000004 18.500000000000004 13.500000000000002 17.000000000000004 20.500000000000004 19.500000000000004 13.500000000000002 18.500000000000004 1 11.500000000000002 13.500000000000002 2 3 1.0000000180025095e-35 20.500000000000004 12.500000000000002 14.500000000000002 13.500000000000002 4 12.500000000000002 12.500000000000002 5 1.0000000180025095e-35 6 7 20.500000000000004
decision_type=2 2 2 1 2 2 2 2 2 2 2 2 1 2 2 1 1 2 2 2 2 2 1 2 2 1 2 1 1 2
left_child=2 3 7 8 5 6 23 13 9 10 19 -12 -4 -1 15 -15 -16 28 20 -2 21 24 -23 -5 25 -19 -10 -20 -3 -6
right_child=1 17 12 4 29 -7 -8 -9 26 -11 11 -13 -14 14 16 -17 -18 18 27 -21 -22 22 -24 -25 -26 -27 -28 -29 -30 -31
leaf_value=-4.0086294260583335 -1.2388235422684897 14.994219273110458 -4.0316212653611645 0.21015921269331783 0.76470297739519422 -0.83238858268404214 1.2012687517897926 -0.69886874358407791 0.41086906664149636 -1.1489106795995361 1.0585439269500876 0.24034294466762501 -5.6852648556574428 -0.29257327281502055 -5.0603848292098297 -4.431491045374254 -3.1050460606924686 5.0674048326412171 7.0423493155594281 -0.61374201278205531 6.4680198433547478 6.1572409347408783 16.603015383851726 -0.013602500635479372 8.7859074863358249 6.1511947720450344 2.7241772778743072 9.9061367021101319 4.1938497586321901 1.0139888096391234
leaf_weight=32 188 24 45 201 337 225 69 27 151 401 96 274 50 49 72 34 63 63 29 400 109 36 26 306 146 51 20 26 22 154
leaf_count=32 188 24 45 201 337 225 69 27 151 401 96 274 50 49 72 34 63 63 29 400 109 36 26 306 146 51 20 26 22 154
internal_value=-3.86471e-05 0.000794276 -0.00754839 -3.82705e-05 0.000427245 -0.000142322 0.000375 -0.00612996 -0.000431372 -0.000578366 -0.000137787 0.00113514 -0.0116842 -0.00648 -0.00611009 -0.00484337 -0.00688889 0.00521053 0.00538272 -0.000938775 0.00558237 0.00544099 0.00406452 8.28405e-05 0.00576923 0.00547368 0.000736842 0.00381818 0.0033913 0.00135642
internal_weight=3726 3354 372 2822 1292 801 576 277 1530 1359 958 370 95 250 218 83 135 532 486 588 431 322 62 507 260 114 171 55 46 491
internal_count=3726 3354 372 2822 1292 801 576 277 1530 1359 958 370 95 250 218 83 135 532 486 588 431 322 62 507 260 114 171 55 46 491
cat_boundaries=0 1 2 3 4 5 6 7 8
cat_threshold=2 2 2 2 2 2 2 2
is_linear=0
shrinkage=0.06


Tree=2
num_leaves=31
num_cat=7
split_feature=1 1 3 0 3 3 3 3 3 3 3 3 1 2 3 0 0 0 3 3 3 2 3 2 3 0 3 0 2 0
split_gain=5.18299 3.02412 0.479702 0.12835 0.117624 0.111489 0.100351 0.0729812 0.128826 0.230554 0.130273 0.0557984 0.0535439 0.0681818 0.03819 0.210274 0.0371212 0.0338624 0.0172079 0.0195802 0.0123842 0.00949065 0.00719874 0.0136134 0.0152381 0.0108844 0.00557631 0.00421053 0.00341582 0.00238095
threshold=594.00000000000011 675.00000000000011 18.500000000000004 0 19.500000000000004 18.500000000000004 13.500000000000002 20.500000000000004 19.500000000000004 13.500000000000002 18.500000000000004 17.000000000000004 772.20001220703136 3.4000000059604649 13.500000000000002 1 2 3 20.500000000000004 18.500000000000004 12.500000000000002 1.0000000180025095e-35 13.500000000000002 3.4000000059604649 12.500000000000002 4 12.500000000000002 5 1.0000000180025095e-35 6
decision_type=2 2 2 1 2 2 2 2 2 2 2 2 2 2 2 1 1 1 2 2 2 2 2 2 2 1 2 1 2 1
left_child=2 3 11 7 5 6 26 8 9 20 -11 14 13 16 15 -1 -3 -16 19 21 -2 -14 23 24 29 -26 -5 -4 -9 -23
right_child=1 12 27 4 -6 -7 -8 28 -10 10 -12 -13 18 -15 17 -17 -18 -19 -20 -21 -22 22 -24 -25 25 -27 -28 -29 -30 -31
leaf_value=-1.0592735541302885 -1.1644941297323794 1.8856292212055203 -3.7897239894394965 0.19754965993171822 0.72824346082855074 -0.78244526772300105 1.1291926266824066 0.38621692264300578 -1.0799760388235653 0.99503129133308099 0.22592236798756629 -0.65693661896903444 3.9553844776144151 9.2101848979208167 -4.7567617394572386 -4.1481098319624436 1.0883216788338825 -2.9187432970509199 7.1266155522937922 6.5015851007489625 -0.57691749201513287 4.6953954335241859 8.1426752596103782 6.8474935658266505 6.5300139527457226 8.4347202151185598 -0.012786350597349382 -5.3441489643179949 2.5607266412018475 9.83747704571838
leaf_weight=68 188 20 45 201 491 225 69 151 401 96 274 27 30 22 72 47 24 63 67 95 400 42 36 63 56 49 306 50 20 28
leaf_count=68 188 20 45 201 491 225 69 151 401 96 274 27 30 22 72 47 24 63 67 95 400 42 36 63 56 49 306 50 20 28
internal_value=-2.25441e-05 0.000722719 -0.00674194 -5.9532e-05 0.000380805 -6.74155e-05 0.000375 -0.000431372 -0.000578366 -0.000200417 0.000972973 -0.00548014 0.00487218 0.00327273 -0.00576 -0.00495652 0.00190909 -0.00644444 0.00509871 0.00524812 -0.000938775 0.00501316 0.00512409 0.0052437 0.00497143 0.00542857 8.28405e-05 -0.0104211 0.000736842 0.00428571
internal_weight=3726 3354 372 2822 1292 801 576 1530 1359 958 370 277 532 66 250 115 44 135 466 399 588 304 274 238 175 105 507 95 171 70
internal_count=3726 3354 372 2822 1292 801 576 1530 1359 958 370 277 532 66 250 115 44 135 466 399 588 304 274 238 175 105 507 95 171 70
cat_boundaries=0 1 2 3 4 5 6 7
cat_threshold=2 2 2 2 2 2 2
is_linear=0
shrinkage=0.06


Tree=3
num_leaves=31
num_cat=7
split_feature=1 1 3 0 3 3 3 3 3 3 3 3 1 2 3 0 0 0 3 3 3 2 3 2 3 0 3 0 2 0
split_gain=5.18299 3.02412 0.479702 0.12835 0.117624 0.111489 0.100351 0.0729812 0.128826 0.230554 0.130273 0.0557984 0.0535439 0.0681818 0.03819 0.210274 0.0371212 0.0338624 0.0172079 0.0195802 0.0123842 0.00949065 0.00719874 0.0136134 0.0152381 0.0108844 0.00557631 0.00421053 0.00341582 0.00238095
threshold=594.00000000000011 675.00000000000011 18.500000000000004 0 19.500000000000004 18.500000000000004 13.500000000000002 20.500000000000004 19.500000000000004 13.500000000000002 18.500000000000004 17.000000000000004 772.20001220703136 3.4000000059604649 13.500000000000002 1 2 3 20.500000000000004 18.500000000000004 12.500000000000002 1.0000000180025095e-35 13.500000000000002 3.4000000059604649 12.500000000000002 4 12.500000000000002 5 1.0000000180025095e-35 6
decision_type=2 2 2 1 2 2 2 2 2 2 2 2 2 2 2 1 1 1 2 2 2 2 2 2 2 1 2 1 2 1
left_child=2 3 11 7 5 6 26 8 9 20 -11 14 13 16 15 -1 -3 -16 19 21 -2 -14 23 24 29 -26 -5 -4 -9 -23
right_child=1 12 27 4 -6 -7 -8 28 -10 10 -12 -13 18 -15 17 -17 -18 -19 -20 -21 -22 22 -24 -25 25 -27 -28 -29 -30 -31
leaf_value=-0.99571714088247054 -1.0946244819484376 1.7724914679331885 -3.5623405500731269 0.1856966803358148 0.68454885317883851 -0.73549855165962064 1.0614410690814611 0.36304390728442398 -1.0151774764941501 0.93532941385309643 0.21236702590831327 -0.61752042183089195 3.7180614089575506 8.6575738040455672 -4.4713560350898032 -3.8992232420446986 1.023022378103849 -2.7436186992278646 6.6990186191561643 6.1114899947040247 -0.54230244249422521 4.4136717075127336 7.6541147440337562 6.4366439518770511 6.1382131155809789 7.9286370022114472 -0.012019169561507396 -5.0235000264589162 2.4070830427297381 9.2472284229752759
leaf_weight=68 188 20 45 201 491 225 69 151 401 96 274 27 30 22 72 47 24 63 67 95 400 42 36 63 56 49 306 50 20 28
leaf_count=68 188 20 45 201 491 225 69 151 401 96 274 27 30 22 72 47 24 63 67 95 400 42 36 63 56 49 306 50 20 28
internal_value=-2.25441e-05 0.000722719 -0.00674194 -5.9532e-05 0.000380805 -6.74155e-05 0.000375 -0.000431372 -0.000578366 -0.000200417 0.000972973 -0.00548014 0.00487218 0.00327273 -0.00576 -0.00495652 0.00190909 -0.00644444 0.00509871 0.00524812 -0.000938775 0.00501316 0.00512409 0.0052437 0.00497143 0.00542857 8.28405e-05 -0.0104211 0.000736842 0.00428571
internal_weight=3726 3354 372 2822 1292 801 576 1530 1359 958 370 277 532 66 250 115 44 135 466 399 588 304 274 238 175 105 507 95 171 70
internal_count=3726 3354 372 2822 1292 801 576 1530 1359 958 370 277 532 66 250 115 44 135 466 399 588 304 274 238 175 105 507 95 171 70
cat_boundaries=0 1 2 3 4 5 6 7
cat_threshold=2 2 2 2 2 2 2
is_linear=0
shrinkage=0.06


Tree=4
num_leaves=31
num_cat=5
split_feature=1 1 3 0 2 3 3 3 3 3 3 3 2 3 0 3 3 3 3 3 2 3 2 3 0 3 3 0 3 0
split_gain=3.9917 3.02169 0.526387 0.128037 0.127548 0.0695592 0.103865 0.137307 0.0634667 0.145594 0.174691 0.06338 0.0431508 0.0390244 0.0851302 0.0549837 0.0255611 0.0172079 0.0195802 0.0157796 0.00949065 0.00719874 0.0136134 0.0152381 0.0108844 0.00646874 0.00536977 0.00238095 0.00142123 0.00105263
threshold=594.00000000000011 772.20001220703136 18.500000000000004 0 3.4000000059604649 20.500000000000004 19.500000000000004 13.500000000000002 19.500000000000004 17.000000000000004 13.500000000000002 11.500000000000002 1.0000000180025095e-35 15.500000000000002 1 13.500000000000002 18.500000000000004 20.500000000000004 18.500000000000004 13.500000000000002 1.0000000180025095e-35 13.500000000000002 3.4000000059604649 12.500000000000002 2 20.500000000000004 12.500000000000002 3 12.500000000000002 4
decision_type=2 2 2 1 2 2 2 2 2 2 2 2 2 2 1 2 2 2 2 2 2 2 2 2 1 2 2 1 2 1
left_child=2 3 11 4 5 6 7 26 9 10 12 -1 28 14 15 -13 -9 18 20 -16 -3 22 23 27 -25 -10 -2 -22 -5 -4
right_child=1 17 29 8 -6 -7 -8 16 25 -11 -12 13 -14 -15 19 -17 -18 -19 -20 -21 21 -23 -24 24 -26 -27 -28 -29 -30 -31
leaf_value=-3.299847074951896 -0.99975411782378953 3.4949777244200964 -3.3486001170687381 0.17455487951566623 6.6179466330552374 0.29956962305500384 -0.95618694000321502 0.82428515141988323 0.63405325991103945 -0.42686667768505759 1.23415635871556 -0.15171943474535282 -0.0499006911488118 -1.1302824769553859 -3.6827615982113739 -4.1789611481327702 0.13711554607801191 6.2970775020067942 5.7448005950217835 -3.0329314621324466 4.1488514050619711 7.1948678593917323 6.0504453147644286 5.76992032864612 7.4529187820787586 0.86838194222033394 -0.54981935025237472 8.6923947175967573 0.22930170549080683 -4.7220900248713811
leaf_weight=32 192 30 45 201 26 167 400 103 337 231 82 49 21 40 34 66 281 67 95 56 42 36 63 56 49 154 397 28 296 50
leaf_count=32 192 30 45 201 26 167 400 103 337 231 82 49 21 40 34 66 281 67 95 56 42 36 63 56 49 154 397 28 296 50
internal_value=-3.86471e-05 0.000615385 -0.00593548 -0.000108033 -0.000475096 -0.000545454 -0.000686089 -0.00035149 0.000326778 7.22044e-06 0.0005 -0.00461372 9.26643e-05 -0.00428571 -0.00395122 -0.00286956 0.00053125 0.00509871 0.00524812 -0.00533333 0.00501316 0.00512409 0.0052437 0.00497143 0.00542857 0.000867617 -0.000926995 0.00428571 0.000205232 -0.00978947
internal_weight=3726 3354 372 2888 1566 1540 1373 973 1322 831 600 277 518 245 205 115 384 466 399 90 304 274 238 175 105 491 589 70 497 95
internal_count=3726 3354 372 2888 1566 1540 1373 973 1322 831 600 277 518 245 205 115 384 466 399 90 304 274 238 175 105 491 589 70 497 95
cat_boundaries=0 1 2 3 4 5
cat_threshold=2 2 2 2 2
is_linear=0
shrinkage=0.06


Tree=5
num_leaves=31
num_cat=5
split_feature=1 1 3 0 2 3 3 3 3 3 3 3 2 3 0 3 3 3 3 3 2 3 2 3 0 3 3 0 3 0
split_gain=4.01354 2.99763 0.526387 0.116094 0.125213 0.0649504 0.0785063 0.137307 0.0634667 0.145594 0.174691 0.06338 0.0431508 0.0390244 0.0851302 0.0549837 0.0255611 0.0172079 0.0195802 0.0157796 0.00949065 0.00719874 0.0136134 0.0152381 0.0108844 0.00646874 0.00536977 0.00238095 0.00142123 0.00105263
threshold=594.00000000000011 772.20001220703136 18.500000000000004 0 3.4000000059604649 20.500000000000004 19.500000000000004 13.500000000000002 19.500000000000004 17.000000000000004 13.500000000000002 11.500000000000002 1.0000000180025095e-35 15.500000000000002 1 13.500000000000002 18.500000000000004 20.500000000000004 18.500000000000004 13.500000000000002 1.0000000180025095e-35 13.500000000000002 3.4000000059604649 12.500000000000002 2 20.500000000000004 12.500000000000002 3 12.500000000000002 4
decision_type=2 2 2 1 2 2 2 2 2 2 2 2 2 2 1 2 2 2 2 2 2 2 2 2 1 2 2 1 2 1
left_child=2 3 11 4 5 6 7 26 9 10 12 -1 28 14 15 -13 -9 18 20 -16 -3 22 23 27 -25 -10 -2 -22 -5 -4
right_child=1 17 29 8 -6 -7 -8 16 25 -11 -12 13 -14 -15 19 -17 -18 -19 -20 -21 21 -23 -24 24 -26 -27 -28 -29 -30 -31
leaf_value=-3.1018562504547815 -0.93976887075436244 3.2852790609548905 -3.1476841100446151 0.164081586744727 6.220869835071924 0.28159544567170425 -0.89881572360302353 0.77482804233469094 0.59601006431637871 -0.40125467702395518 1.1601069771926267 -0.14261626866063123 -0.046906649679882548 -1.0624655283380644 -3.4617959023186926 -3.9282234792448034 0.12888861331333146 5.9192528518863865 5.4001125593204762 -2.8509555744044985 3.8999203207582522 6.7631757878282297 5.6874185958785626 5.4237251089273544 7.0057436551540331 0.8162790256871153 -0.51683018923723123 8.1708510345409522 0.21554360316135898 -4.4387646233790994
leaf_weight=32 192 30 45 201 26 167 400 103 337 231 82 49 21 40 34 66 281 67 95 56 42 36 63 56 49 154 397 28 296 50
leaf_count=32 192 30 45 201 26 167 400 103 337 231 82 49 21 40 34 66 281 67 95 56 42 36 63 56 49 154 397 28 296 50
internal_value=-2.25441e-05 0.000633274 -0.00593548 -8.72574e-05 -0.000436781 -0.000506493 -0.000642389 -0.00035149 0.000326778 7.22044e-06 0.0005 -0.00461372 9.26643e-05 -0.00428571 -0.00395122 -0.00286956 0.00053125 0.00509871 0.00524812 -0.00533333 0.00501316 0.00512409 0.0052437 0.00497143 0.00542857 0.000867617 -0.000926995 0.00428571 0.000205232 -0.00978947
internal_weight=3726 3354 372 2888 1566 1540 1373 973 1322 831 600 277 518 245 205 115 384 466 399 90 304 274 238 175 105 491 589 70 497 95
internal_count=3726 3354 372 2888 1566 1540 1373 973 1322 831 600 277 518 245 205 115 384 466 399 90 304 274 238 175 105 491 589 70 497 95
cat_boundaries=0 1 2 3 4 5
cat_threshold=2 2 2 2 2
is_linear=0
shrinkage=0.06


Tree=6
num_leaves=31
num_cat=6
split_feature=1 1 3 2 0 3 3 3 3 3 3 0 3 3 3 3 0 0 3 0 2 3 2 2 3 3 3 3 3 0
split_gain=3.60826 2.68454 0.445364 0.105949 0.119364 0.0842746 0.131604 0.142568 0.074785 0.0650733 0.0604995 0.0585776 0.0566909 0.137307 0.0308642 0.0255611 0.0168421 0.0132275 0.0122332 0.0254022 0.0501253 0.0248935 0.0189744 0.0104773 0.0140056 0.00643337 0.00595238 0.00536977 0.00115226 1.33025e-05
threshold=594.00000000000011 772.20001220703136 18.500000000000004 3.4000000059604649 0 19.500000000000004 17.000000000000004 13.500000000000002 11.500000000000002 13.500000000000002 20.500000000000004 1 19.500000000000004 13.500000000000002 17.000000000000004 18.500000000000004 2 3 13.500000000000002 4 3.4000000059604649 20.500000000000004 3.4000000059604649 3.4000000059604649 12.500000000000002 12.500000000000002 12.500000000000002 12.500000000000002 20.500000000000004 5
decision_type=2 2 2 2 1 2 2 2 2 2 2 1 2 2 2 2 1 1 2 1 2 2 2 2 2 2 2 2 2 1
left_child=2 3 8 4 10 6 7 25 -1 11 12 -10 13 27 17 -15 -4 -11 19 23 26 22 -20 24 -3 -6 -21 -2 -7 -23
right_child=1 18 16 -5 5 28 -8 -9 9 14 -12 -13 -14 15 -16 -17 -18 -19 21 20 -22 29 -24 -25 -26 -27 -28 -29 -30 -31
leaf_value=-2.9157448754274951 -0.88338273850910243 3.6659251015127561 -2.9588230634419381 5.6021144632431055 0.11906028881966335 0.55789380856682558 -0.37717939640251946 1.0155152173561124 -0.13405929254099419 -3.7166435953417598 0.26469971893140154 -3.2540881481795725 -0.84488678018684138 0.72833835979460781 -0.44890431620343407 0.1211552965145313 -4.1724387459763541 -2.2259683550819749 4.994620947336875 7.6805999724684959 7.3379432792730848 6.2538490092649015 7.6365233577376541 4.7324300873916059 6.00602720185538 -0.073122283352352033 3.7319967971721519 -0.4858203778829977 0.80098746447531988 6.9503140156963621
leaf_weight=32 192 42 45 40 211 336 231 76 49 72 167 34 400 103 27 281 50 63 111 28 30 34 39 33 60 304 56 397 150 33
leaf_count=32 192 42 45 40 211 336 231 76 49 72 167 34 400 103 27 281 50 63 111 28 30 34 39 33 60 304 56 397 150 33
internal_value=-6.441e-06 0.000615385 -0.0056129 -6.64818e-05 -0.00010955 0.000311927 -5.83939e-05 0.000416244 -0.00439711 -0.00404082 -0.000467532 -0.0026747 -0.000598689 -0.00035149 -0.00474074 0.00053125 -0.00915789 -0.00511111 0.0048412 0.00455422 0.00389474 0.00517051 0.0056 0.00511111 0.00541176 5.82526e-05 0.00314286 -0.000926995 0.000938272 0.00420896
internal_weight=3726 3354 372 2888 2848 1308 822 591 277 245 1540 83 1373 973 162 384 95 135 466 249 114 217 150 135 102 515 84 589 486 67
internal_count=3726 3354 372 2888 2848 1308 822 591 277 245 1540 83 1373 973 162 384 95 135 466 249 114 217 150 135 102 515 84 589 486 67
cat_boundaries=0 1 2 3 4 5 6
cat_threshold=2 2 2 2 2 2
is_linear=0
shrinkage=0.06


Tree=7
num_leaves=31
num_cat=6
split_feature=1 1 3 0 2 3 3 3 3 3 3 3 2 3 3 0 0 3 3 3 2 0 0 2 2 3 3 3 3 0
split_gain=3.26386 2.50146 0.530104 0.106788 0.120609 0.100424 0.0658188 0.0758496 0.0902639 0.0532618 0.106055 0.174691 0.0431508 0.0368367 0.0591705 0.0585776 0.0571429 0.0255611 0.0236695 0.0248935 0.0189744 0.0168421 0.0102304 0.0643494 0.0501253 0.0140056 0.00646874 0.00595238 0.00536977 0.003256
threshold=594.00000000000011 772.20001220703136 18.500000000000004 0 3.4000000059604649 11.500000000000002 13.500000000000002 19.500000000000004 20.500000000000004 19.500000000000004 17.000000000000004 13.500000000000002 1.0000000180025095e-35 14.500000000000002 13.500000000000002 1 2 18.500000000000004 13.500000000000002 20.500000000000004 3.4000000059604649 3 4 3.4000000059604649 3.4000000059604649 12.500000000000002 20.500000000000004 12.500000000000002 12.500000000000002 5
decision_type=2 2 2 1 2 2 2 2 2 2 2 2 2 2 2 1 1 2 2 2 2 1 1 2 2 2 2 2 2 1
left_child=2 3 5 4 6 -1 28 17 -9 10 11 12 -5 14 15 -7 -15 -8 22 20 -20 -4 23 25 27 -3 -11 -24 -2 -16
right_child=1 18 21 9 -6 13 7 8 -10 26 -12 -13 -14 16 29 -17 -18 -19 19 -21 -22 -23 24 -25 -26 -27 -28 -29 -30 -31
leaf_value=-2.7408001829018453 -0.83037977419855558 3.4459695954219911 -2.7812936796354233 0.13302252144265822 5.511490777173023 -0.12601573498853441 0.6846380582069298 -0.79419357337562924 0.24881773579551691 0.52677583194338806 -0.35454863261836711 1.0295696455197025 -0.051235868028267073 -2.7838194939537848 -3.4876165990820684 -3.0588428592887986 0.047284284535872183 0.11388597872365949 4.694943690496661 5.1637939958760368 7.1783319562733956 -3.9220924212177724 7.2197639741203874 4.448484282148109 6.8976666825167001 5.6456655697440574 0.71924303627736996 3.5080769893418231 -0.45667115521001844 -2.6322385774152952
leaf_weight=32 192 42 45 497 26 49 103 400 167 337 231 82 21 24 63 34 21 281 111 67 39 50 28 33 30 60 154 56 397 54
leaf_count=32 192 42 45 497 26 49 103 400 167 337 231 82 21 24 63 34 21 281 111 67 39 50 28 33 30 60 154 56 397 54
internal_value=4.18682e-05 0.000633274 -0.00529032 -2.49305e-05 -0.000360153 -0.0039639 -0.000428571 -0.000119874 -0.000560846 0.000372164 7.94226e-05 0.0005 9.26643e-05 -0.00355102 -0.0039 -0.0026747 -0.002 0.00053125 0.00471245 0.00517051 0.0056 -0.00915789 0.00431325 0.00466667 0.00389474 0.00541176 0.000867617 0.00314286 -0.000926995 -0.00476923
internal_weight=3726 3354 372 2888 1566 277 1540 951 567 1322 831 600 518 245 200 83 45 384 466 217 150 95 249 135 114 102 491 84 589 117
internal_count=3726 3354 372 2888 1566 277 1540 951 567 1322 831 600 518 245 200 83 45 384 466 217 150 95 249 135 114 102 491 84 589 117
cat_boundaries=0 1 2 3 4 5 6
cat_threshold=2 2 2 2 2 2
is_linear=0
shrinkage=0.06


Tree=8
num_leaves=31
num_cat=6
split_feature=1 1 3 3 2 0 3 3 3 3 3 3 0 3 3 3 0 0 3 3 0 0 2 2 3 3 3 3 3 3
split_gain=2.90237 2.21773 0.448783 0.114658 0.104518 0.107729 0.0658188 0.0758496 0.0902639 0.0543266 0.0942388 0.142568 0.0515789 0.028323 0.0634398 0.0261224 0.0748052 0.0571429 0.0362812 0.0255611 0.0162955 0.0118428 0.126477 0.0779349 0.0158095 0.0105917 0.0103704 0.00643337 0.00536977 0.00158447
threshold=772.20001220703136 594.00000000000011 18.500000000000004 11.500000000000002 3.4000000059604649 0 13.500000000000002 19.500000000000004 20.500000000000004 19.500000000000004 17.000000000000004 13.500000000000002 1 20.500000000000004 18.500000000000004 14.500000000000002 2 3 13.500000000000002 18.500000000000004 4 5 3.4000000059604649 3.4000000059604649 12.500000000000002 12.500000000000002 20.500000000000004 12.500000000000002 12.500000000000002 13.500000000000002
decision_type=2 2 2 2 2 1 2 2 2 2 2 2 1 2 2 2 1 1 2 2 1 1 2 2 2 2 2 2 2 2
left_child=1 2 3 -1 5 6 28 19 -9 10 11 27 -4 14 21 16 18 -17 -5 -8 -15 22 24 25 -2 -23 -11 -7 -3 -18
right_child=13 4 12 15 -6 9 7 8 -10 26 -12 -13 -14 20 -16 17 29 -19 -20 -21 -22 23 -24 -25 -26 -27 -28 -29 -30 -31
leaf_value=-2.5763521719277338 3.2392114196966699 -0.78055698774664273 -2.6144160588572971 -0.11845479088922274 4.9352981488181387 0.10393532020392399 0.64355977471451409 -0.74654195897309017 0.23388867164778615 0.49281363013621443 -0.33327571466126377 0.89281012558356443 -3.6867668759447065 5.5687904289564436 4.4947319274912365 -2.6167903243165576 -2.8753122877314707 0.044447227463720415 -3.2783596031371451 0.10705282000023998 6.223467535002019 6.7865781356731647 2.0721248233814094 6.7089272265422055 5.8246753695826339 3.769969731551075 0.70977363443015862 -0.076716297637772185 -0.42927088589741741 -2.4743042627703766
leaf_weight=32 42 192 45 49 40 211 103 400 167 336 231 76 50 34 95 24 34 21 63 281 33 28 42 41 83 68 150 304 397 54
leaf_count=32 42 192 45 49 40 211 103 400 167 336 231 76 50 34 95 24 34 21 63 281 33 28 42 41 83 68 150 304 397 54
internal_value=2.57651e-05 -0.000607362 -0.00496774 -0.00374729 -4.57061e-05 -8.84829e-05 -0.000428571 -0.000119874 -0.000560846 0.000311927 1.45988e-05 0.000416244 -0.00852632 0.00445494 0.00464662 -0.00330612 -0.0036 -0.002 -0.00257143 0.00053125 0.00331343 0.00422368 0.00456287 0.00381022 0.00552 0.002875 0.000814815 5.82526e-05 -0.000926995 -0.00490909
internal_weight=3726 3260 372 277 2888 2848 1540 951 567 1308 822 591 95 466 399 245 200 45 112 384 67 304 167 137 125 96 486 515 589 88
internal_count=3726 3260 372 277 2888 2848 1540 951 567 1308 822 591 95 466 399 245 200 45 112 384 67 304 167 137 125 96 486 515 589 88
cat_boundaries=0 1 2 3 4 5 6
cat_threshold=2 2 2 2 2 2
is_linear=0
shrinkage=0.06


Tree=9
num_leaves=31
num_cat=7
split_feature=1 1 3 3 0 2 3 3 3 3 3 3 2 3 3 0 3 3 3 3 0 2 0 0 0 2 2 3 0 3
split_gain=2.73608 1.91911 0.374229 0.129835 0.0819555 0.120609 0.0658188 0.0758496 0.0902639 0.046719 0.0924988 0.188533 0.177642 0.0429157 0.0459639 0.0571429 0.036373 0.0672623 0.0255611 0.0216643 0.02035 0.0189744 0.0162955 0.014152 0.0125156 0.0783208 0.0419093 0.0238095 0.0121567 0.00536977
threshold=772.20001220703136 594.00000000000011 18.500000000000004 11.500000000000002 0 3.4000000059604649 13.500000000000002 19.500000000000004 20.500000000000004 19.500000000000004 17.000000000000004 13.500000000000002 1.0000000180025095e-35 13.500000000000002 14.500000000000002 1 13.500000000000002 20.500000000000004 18.500000000000004 20.500000000000004 2 3.4000000059604649 3 4 5 3.4000000059604649 3.4000000059604649 12.500000000000002 6 12.500000000000002
decision_type=2 2 2 2 1 2 2 2 2 2 2 2 2 2 2 1 2 2 2 2 1 2 1 1 1 2 2 2 1 2
left_child=1 2 3 -1 5 6 29 18 -9 10 11 12 -6 28 20 -16 24 21 -8 -11 -15 -18 -19 -4 26 27 -2 -26 -5 -3
right_child=16 4 23 13 9 -7 7 8 -10 19 -12 -13 -14 14 15 -17 17 22 -20 -21 -22 -23 -24 -25 25 -27 -28 -29 -30 -31
leaf_value=-2.4217710416120695 3.0448587952803927 -0.73372356848184384 -2.4575510953258606 -0.11134750343586802 0.11880505094386308 4.8846834416135509 0.60494618823164381 -0.70174944143470608 0.21985535134891959 0.46560046421861329 -0.31327917178158676 0.91422685925350833 -0.15532676431682793 -3.0816580269489178 -2.4597829048575628 0.041780393815898029 4.1435631534173893 5.2346630032190564 0.10062965080022422 0.63350203603491761 -2.325846007004154 6.6233045494941098 5.8500594829018961 -3.4655608633880228 6.3793834475327751 6.0812710479731686 4.0572477358163397 3.0713941860882481 -2.7027935504675837 -0.40351463274357113
leaf_weight=32 102 192 45 49 497 26 103 400 167 337 231 82 21 63 24 21 111 34 281 154 54 39 33 50 28 30 33 56 34 397
leaf_count=32 102 192 45 49 497 26 103 400 167 337 231 82 21 63 24 21 111 34 281 154 54 39 33 50 28 30 33 56 34 397
internal_value=2.57651e-05 -0.000588957 -0.00464516 -0.00353069 -6.64818e-05 -0.000360153 -0.000428571 -0.000119874 -0.000560846 0.000281392 7.22044e-06 0.0004 -2.31658e-05 -0.00306122 -0.00362963 -0.002 0.00432618 0.00489401 0.00053125 0.000745418 -0.00425641 0.0056 0.00331343 -0.00789474 0.00383133 0.00336842 0.00422222 0.00242857 -0.00195181 -0.000926995
internal_weight=3726 3260 372 277 2888 1566 1540 951 567 1322 831 600 518 245 162 45 466 217 384 491 117 150 67 95 249 114 135 84 83 589
internal_count=3726 3260 372 277 2888 1566 1540 951 567 1322 831 600 518 245 162 45 466 217 384 491 117 150 67 95 249 114 135 84 83 589
cat_boundaries=0 1 2 3 4 5 6 7
cat_threshold=2 2 2 2 2 2 2
is_linear=0
shrinkage=0.06


Tree=10
num_leaves=31
num_cat=7
split_feature=1 1 3 3 0 2 3 3 3 3 3 3 2 3 3 3 3 0 3 0 3 3 0 0 3 2 0 3 2 0
split_gain=2.43752 1.64208 0.306443 0.145956 0.0707698 0.120609 0.0658188 0.0758496 0.0902639 0.056305 0.0798694 0.109955 0.177642 0.0339812 0.0457877 0.0260601 0.0274454 0.0571429 0.0255611 0.0233333 0.0333333 0.0216643 0.0162955 0.0121567 0.00832157 0.0226332 0.0420361 0.00536977 0.00477132 0.00238095
threshold=772.20001220703136 594.00000000000011 18.500000000000004 11.500000000000002 0 3.4000000059604649 13.500000000000002 19.500000000000004 20.500000000000004 19.500000000000004 17.000000000000004 13.500000000000002 1.0000000180025095e-35 13.500000000000002 20.500000000000004 13.500000000000002 14.500000000000002 1 18.500000000000004 2 19.500000000000004 20.500000000000004 3 4 12.500000000000002 3.4000000059604649 5 12.500000000000002 3.4000000059604649 6
decision_type=2 2 2 2 1 2 2 2 2 2 2 2 2 2 2 2 2 1 2 1 2 2 1 1 2 2 1 2 2 1
left_child=1 2 3 -1 5 6 27 18 -9 10 11 12 -6 24 19 23 -17 -18 -8 20 -15 -11 -16 -5 28 26 -26 -3 29 -2
right_child=13 4 -4 15 9 -7 7 8 -10 21 -12 -13 -14 14 22 16 17 -19 -20 -21 -22 -23 -24 -25 25 -27 -28 -29 -30 -31
leaf_value=-2.2764647791153441 2.8621672067980453 -0.68970015437293453 -2.8350354531516606 -0.10466665322971608 0.11167674788723048 4.5916024351167373 0.56864941693774651 -0.65964447494862499 0.20666403026798319 0.43766443636549751 -0.29448242147469234 0.85937324769829726 -0.14600715845781756 3.5144518004770293 4.9205832230259139 -2.6855368893619929 -2.3121959305661099 0.039273570186944988 0.094591871752211315 5.8515028757963794 5.0887373482341189 0.59549191387282119 5.4990559139277826 -2.5406259374395299 4.7747535856676349 8.8754768889286044 2.8871105349229538 -0.37930375477895723 3.6324871404937591 5.9966204406808066
leaf_weight=32 42 192 95 49 497 26 103 400 167 337 231 82 21 48 34 117 24 21 281 70 32 154 33 34 60 41 56 397 22 28
leaf_count=32 42 192 95 49 497 26 103 400 167 337 231 82 21 48 34 117 24 21 281 70 32 154 33 34 60 41 56 397 22 28
internal_value=9.66206e-06 -0.000570552 -0.00432258 -0.00331408 -8.72574e-05 -0.000360153 -0.000428571 -0.000119874 -0.000560846 0.000236006 -6.49817e-05 0.0003 -2.31658e-05 0.00406867 0.00461751 -0.00281633 -0.00325926 -0.002 0.00053125 0.0052 0.0045 0.000745418 0.00331343 -0.00195181 0.00359036 0.00332484 0.00289655 -0.000926995 0.00404348 0.00428571
internal_weight=3726 3260 372 277 2888 1566 1540 951 567 1322 831 600 518 466 217 245 162 45 384 150 80 491 67 83 249 157 116 589 92 70
internal_count=3726 3260 372 277 2888 1566 1540 951 567 1322 831 600 518 466 217 245 162 45 384 150 80 491 67 83 249 157 116 589 92 70
cat_boundaries=0 1 2 3 4 5 6 7
cat_threshold=2 2 2 2 2 2 2
is_linear=0
shrinkage=0.06


Tree=11
num_leaves=31
num_cat=7
split_feature=1 1 3 3 0 2 3 3 3 3 3 3 2 3 3 3 0 3 3 3 3 3 0 0 0 2 0 3 3 0
split_gain=2.10198 1.56623 0.340981 0.163019 0.0635466 0.116091 0.0480947 0.0531831 0.10162 0.046719 0.0513949 0.109955 0.177642 0.0421932 0.0890515 0.0255611 0.0233333 0.0333333 0.0216643 0.0195256 0.0133869 0.0136752 0.0571429 0.0164835 0.0121567 0.00477132 0.00238095 0.0018219 0.00142123 0.00134399
threshold=772.20001220703136 594.00000000000011 18.500000000000004 11.500000000000002 0 3.4000000059604649 20.500000000000004 19.500000000000004 13.500000000000002 19.500000000000004 17.000000000000004 13.500000000000002 1.0000000180025095e-35 20.500000000000004 13.500000000000002 18.500000000000004 1 19.500000000000004 20.500000000000004 12.500000000000002 13.500000000000002 14.500000000000002 2 3 4 3.4000000059604649 5 12.500000000000002 12.500000000000002 6
decision_type=2 2 2 2 1 2 2 2 2 2 2 2 2 2 2 2 1 2 2 2 2 2 1 1 1 2 1 2 2 1
left_child=1 2 3 -1 5 6 7 8 27 10 11 12 28 14 19 -10 17 -16 -11 25 24 23 -23 -22 -5 26 -2 -3 -6 -21
right_child=13 4 -4 20 9 -7 -8 -9 15 18 -12 -13 -14 -15 16 -17 -18 -19 -20 29 21 22 -24 -25 -26 -27 -28 -29 -30 -31
leaf_value=-2.1398768923684215 2.6904371743901616 -0.64831814511055874 -2.6649333259625618 -0.098386654035931539 0.11904669578220591 4.3161062890097339 0.19426418845190482 -0.6200658064517085 0.53453045192148008 0.41140457018356869 -0.27681347618621049 0.80781085283640097 -0.13724672895035006 3.8439764799446836 3.3035846924484065 0.088916359447080137 5.500412703248597 4.7834131073400714 0.559762399040452 5.0060181045507965 -2.7356263319702654 -2.1734641747321417 0.036917155975728859 -2.0251630332221873 -2.3881883811931583 3.4145379120641333 5.636823214239957 -0.35654552949221963 0.18979104261465862 4.5219993541457804
leaf_weight=32 42 192 95 49 201 26 167 400 103 337 231 82 21 67 48 281 70 32 154 83 63 24 21 54 34 22 28 397 296 74
leaf_count=32 42 192 95 49 201 26 167 400 103 337 231 82 21 67 48 281 70 32 154 83 63 24 21 54 34 22 28 397 296 74
internal_value=4.18682e-05 -0.000496932 -0.00416129 -0.00309747 -2.49305e-05 -0.000283525 -0.000350649 -0.000467589 -0.00022816 0.000281392 7.22044e-06 0.0003 -2.31658e-05 0.00381116 0.00404511 0.00053125 0.0052 0.0045 0.000745418 0.0033494 -0.00257143 -0.00288889 -0.002 -0.00323077 -0.00195181 0.00404348 0.00428571 -0.00072326 0.000205232 0.00294268
internal_weight=3726 3260 372 277 2888 1566 1540 1373 973 1322 831 600 518 466 399 384 150 80 491 249 245 162 45 117 83 92 70 589 497 157
internal_count=3726 3260 372 277 2888 1566 1540 1373 973 1322 831 600 518 466 399 384 150 80 491 249 245 162 45 117 83 92 70 589 497 157
cat_boundaries=0 1 2 3 4 5 6 7
cat_threshold=2 2 2 2 2 2 2
is_linear=0
shrinkage=0.06


Tree=12
num_leaves=31
num_cat=7
split_feature=1 1 3 3 3 3 1 3 3 0 3 0 3 3 0 3 0 0 3 3 3 3 0 3 0 2 2 3 3 2
split_gain=1.94352 1.33147 0.41559 0.0671941 0.0497207 0.140543 0.0812917 0.0489329 0.099574 0.0369709 0.0258519 0.0313242 0.0962517 0.0595718 0.0233333 0.0333333 0.016564 0.0126094 0.0838996 0.0691251 0.0122476 0.00802139 0.00759767 0.00630482 0.00394796 0.0783208 0.0666271 0.0238095 0.00504202 0.00341582
threshold=772.20001220703136 594.00000000000011 18.500000000000004 11.500000000000002 13.500000000000002 17.000000000000004 675.00000000000011 13.500000000000002 20.500000000000004 0 20.500000000000004 1 19.500000000000004 19.500000000000004 2 19.500000000000004 3 4 15.500000000000002 14.500000000000002 12.500000000000002 13.500000000000002 5 12.500000000000002 6 3.4000000059604649 3.4000000059604649 12.500000000000002 12.500000000000002 1.0000000180025095e-35
decision_type=2 2 2 2 2 2 2 2 2 1 2 1 2 2 1 2 1 1 2 2 2 2 1 2 1 2 2 2 2 2
left_child=1 2 3 -1 6 16 9 24 14 23 11 13 -13 -7 15 -9 -6 18 -5 21 -11 -19 29 -3 26 27 28 -26 -2 -12
right_child=7 4 -4 17 5 10 -8 8 -10 20 22 12 -14 -15 -16 -17 -18 19 -20 -21 -22 -23 -24 -25 25 -27 -28 -29 -30 -31
leaf_value=-2.0114842788263165 2.5290109439267505 -0.63861195161166728 -2.5050373264048074 -0.51594075893183 0.50245862753432213 0.10441786500715011 3.2353862414750498 3.1053696109015028 3.6133378911480039 0.11190389403527205 0.22429998693714764 -0.26020466761503902 0.38672029597255569 -0.58094174596589254 5.1703879410536828 4.4964083208996657 0.75934220166621791 -2.2448970783215678 -2.5869738314663593 0.034702126617184255 -0.139520998040153 -1.9036532512288544 0.5261766550980258 -0.29509774341488193 5.2986138213855609 5.2935732819413035 3.3909913685138835 2.4425639415788281 4.1879072842545311 2.14569677425574
leaf_weight=32 42 188 95 115 113 282 22 48 67 201 151 231 337 401 70 32 82 34 21 21 306 54 154 400 28 30 33 56 60 20
leaf_count=32 42 188 95 115 113 282 22 48 67 201 151 231 337 401 70 32 82 34 21 21 306 54 154 400 28 30 33 56 60 20
internal_value=5.79712e-05 -0.000460122 -0.00383871 -0.00266426 -2.49305e-05 0.000172784 -0.000338406 0.0036824 0.00434101 -0.000410959 -1.52282e-05 -0.000139089 0.000190141 -0.000412884 0.0052 0.0045 0.00169231 -0.00232653 -0.00194118 -0.00280734 -3.55027e-05 -0.00354545 0.000461539 -0.000734694 0.00310843 0.00336842 0.00288889 0.00242857 0.00364706 0.000736842
internal_weight=3726 3260 372 277 2888 1771 1117 466 217 1095 1576 1251 568 683 150 80 195 245 136 109 507 88 325 588 249 114 135 84 102 171
internal_count=3726 3260 372 277 2888 1771 1117 466 217 1095 1576 1251 568 683 150 80 195 245 136 109 507 88 325 588 249 114 135 84 102 171
cat_boundaries=0 1 2 3 4 5 6 7
cat_threshold=2 2 2 2 2 2 2
is_linear=0
shrinkage=0.06


Tree=13
num_leaves=31
num_cat=7
split_feature=1 1 3 3 3 3 3 3 2 0 0 3 3 0 3 3 0 0 3 3 3 0 3 0 2 2 3 3 2 3
split_gain=1.94352 1.33147 0.41559 0.0682203 0.134346 0.0671941 0.0489329 0.099574 0.038938 0.0725173 0.0233333 0.0333333 0.021888 0.0228625 0.0962517 0.0449378 0.016564 0.0126094 0.0838996 0.0691251 0.00802139 0.00759767 0.00445286 0.00394796 0.0783208 0.0666271 0.0238095 0.00504202 0.00341582 0.00142123
threshold=772.20001220703136 594.00000000000011 18.500000000000004 13.500000000000002 17.000000000000004 11.500000000000002 13.500000000000002 20.500000000000004 1.0000000180025095e-35 0 1 19.500000000000004 20.500000000000004 2 19.500000000000004 19.500000000000004 3 4 15.500000000000002 14.500000000000002 13.500000000000002 5 12.500000000000002 6 3.4000000059604649 3.4000000059604649 12.500000000000002 12.500000000000002 1.0000000180025095e-35 12.500000000000002
decision_type=2 2 2 2 2 2 2 2 2 1 1 2 2 1 2 2 1 1 2 2 2 1 2 1 2 2 2 2 2 2
left_child=1 2 5 8 16 -1 23 10 9 22 11 -8 13 15 -15 -6 -5 18 -7 20 -19 28 -3 25 26 27 -25 -2 -14 -11
right_child=6 3 -4 4 12 17 7 -9 -10 29 -12 -13 21 14 -16 -17 -18 19 -20 -21 -22 -23 -24 24 -26 -27 -28 -29 -30 -31
leaf_value=-1.8907952220967359 2.377270287291144 -0.60029523451496736 -2.3547350868205181 0.47231110988226188 0.098152793106719399 -0.48498431339592002 2.9190474342474122 3.3965376176791251 -0.11945717330799693 0.10518966039315614 4.8601646645904628 4.2266238216456857 0.21084198772092008 -0.24459238755813734 0.36351707821420176 -0.54608524120793844 0.71378166956624334 -2.1102032536222737 -2.4317554015783776 0.032619999020154521 -1.7894340561551245 0.49460605579214412 -0.33079861788706122 4.9806969921024269 4.9759588850248253 3.1875318864030509 2.2960101050840978 3.9366328471992582 2.0169549678003964 0.18677483994018756
leaf_weight=32 42 188 95 113 282 115 48 67 36 201 70 32 151 231 337 401 82 34 21 21 54 154 396 28 30 33 56 60 20 296
leaf_count=32 42 188 95 113 282 115 48 67 36 201 70 32 151 231 337 401 82 34 21 21 54 154 396 28 30 33 56 60 20 296
internal_value=5.79712e-05 -0.000460122 -0.00383871 -2.49305e-05 0.000206663 -0.00266426 0.0036824 0.00434101 -0.000392122 -0.000327474 0.0052 0.0045 2.28429e-05 -9.11269e-05 0.000190141 -0.000325036 0.00169231 -0.00232653 -0.00194118 -0.00280734 -0.00354545 0.000461539 -0.000780822 0.00310843 0.00336842 0.00288889 0.00242857 0.00364706 0.000736842 0.000205232
internal_weight=3726 3260 372 2888 1771 277 466 217 1117 1081 150 80 1576 1251 568 683 195 245 136 109 88 325 584 249 114 135 84 102 171 497
internal_count=3726 3260 372 2888 1771 277 466 217 1117 1081 150 80 1576 1251 568 683 195 245 136 109 88 325 584 249 114 135 84 102 171 497
cat_boundaries=0 1 2 3 4 5 6 7
cat_threshold=2 2 2 2 2 2 2
is_linear=0
shrinkage=0.06


Tree=14
num_leaves=31
num_cat=8
split_feature=1 1 3 3 3 3 3 3 2 0 0 3 3 0 3 3 0 3 3 2 0 3 0 0 3 0 2 2 3 3
split_gain=1.94352 1.20738 0.30928 0.0671941 0.0607189 0.089388 0.0489329 0.099574 0.038938 0.0725173 0.0233333 0.0333333 0.021888 0.0228625 0.0962517 0.0449378 0.0126094 0.0838996 0.0691251 0.0105758 0.00947368 0.00802139 0.00759767 0.00747848 0.00445286 0.00394796 0.0783208 0.0666271 0.0238095 0.00504202
threshold=772.20001220703136 594.00000000000011 18.500000000000004 11.500000000000002 13.500000000000002 17.000000000000004 13.500000000000002 20.500000000000004 1.0000000180025095e-35 0 1 19.500000000000004 20.500000000000004 2 19.500000000000004 19.500000000000004 3 15.500000000000002 14.500000000000002 1.0000000180025095e-35 4 13.500000000000002 5 6 12.500000000000002 7 3.4000000059604649 3.4000000059604649 12.500000000000002 12.500000000000002
decision_type=2 2 2 2 2 2 2 2 2 1 1 2 2 1 2 2 1 2 2 2 1 2 1 1 2 1 2 2 2 2
left_child=1 2 3 -1 8 19 25 10 9 24 11 -8 13 15 -15 -7 17 -5 21 23 -4 -18 -14 -6 -3 27 28 29 -27 -2
right_child=6 4 20 16 5 12 7 -9 -10 -11 -12 -13 22 14 -16 -17 18 -19 -20 -21 -22 -23 -24 -25 -26 26 -28 -29 -30 -31
leaf_value=-1.7773475087709307 2.2346340700536755 -0.56427752044406809 -1.6885135580659334 -0.45588525459216611 0.46228060460978782 0.092263625520317874 2.7439045881925663 3.1927453606183764 -0.11228974290951824 0.084807728001360369 4.5685547847150358 3.9730263923469464 0.19819147181550079 -0.2299168443046479 0.34170605352134886 -0.51332012673546157 -1.9835910584049372 -2.2858500774836759 0.030662799078946017 4.6654977680895744 -2.6360427400443665 -1.6820680127858167 0.46492969244461618 0.38909946268987822 -0.31095070081383708 4.6818551725762809 4.6774013519233346 2.9962799732188672 2.1582494987790506 3.7004348763673045
leaf_weight=32 42 188 45 115 94 282 48 67 36 497 70 32 171 231 337 401 34 21 21 33 50 54 154 68 396 28 30 33 56 60
leaf_count=32 42 188 45 115 94 282 48 67 36 497 70 32 171 231 337 401 34 21 21 33 50 54 154 68 396 28 30 33 56 60
internal_value=5.79712e-05 -0.000460122 -0.00367742 -0.00266426 -4.57061e-05 0.000172784 0.0036824 0.00434101 -0.000392122 -0.000327474 0.0052 0.0045 2.28429e-05 -9.11269e-05 0.000190141 -0.000325036 -0.00232653 -0.00194118 -0.00280734 0.00138462 -0.00663158 -0.00354545 0.000461539 0.00118519 -0.000780822 0.00310843 0.00336842 0.00288889 0.00242857 0.00364706
internal_weight=3726 3260 372 277 2888 1771 466 217 1117 1081 150 80 1576 1251 568 683 245 136 109 195 95 88 325 162 584 249 114 135 84 102
internal_count=3726 3260 372 277 2888 1771 466 217 1117 1081 150 80 1576 1251 568 683 245 136 109 195 95 88 325 162 584 249 114 135 84 102
cat_boundaries=0 1 2 3 4 5 6 7 8
cat_threshold=2 2 2 2 2 2 2 2
is_linear=0
shrinkage=0.06


Tree=15
num_leaves=31
num_cat=6
split_feature=1 1 3 3 3 3 0 2 0 0 3 3 0 2 2 3 3 3 3 2 3 3 0 3 3 2 3 3 3 0
split_gain=1.58235 0.989869 0.247964 0.0789232 0.0536542 0.0944559 0.0422222 0.038938 0.0725173 0.0287259 0.10647 0.0691251 0.0272938 0.0929479 0.0625132 0.0258519 0.0208514 0.0440613 0.0238095 0.0205855 0.02405 0.01941 0.0144481 0.0759033 0.0449378 0.0105758 0.0103358 0.00828912 0.00802139 0.00759767
threshold=772.20001220703136 594.00000000000011 18.500000000000004 11.500000000000002 13.500000000000002 17.000000000000004 0 1.0000000180025095e-35 1 2 15.500000000000002 14.500000000000002 3 3.4000000059604649 1.0000000180025095e-35 20.500000000000004 13.500000000000002 19.500000000000004 12.500000000000002 3.4000000059604649 13.500000000000002 20.500000000000004 4 19.500000000000004 19.500000000000004 1.0000000180025095e-35 13.500000000000002 20.500000000000004 13.500000000000002 5
decision_type=2 2 2 2 2 2 1 2 1 1 2 2 1 2 2 2 2 2 2 2 2 2 1 2 2 2 2 2 2 1
left_child=1 2 3 -1 7 25 -4 8 -3 10 26 28 14 16 -2 22 18 -18 -14 21 -21 -16 24 -24 -7 -6 -5 -19 -11 -17
right_child=12 4 6 9 5 15 -8 -9 -10 11 -12 -13 13 -15 19 29 17 27 -20 20 -22 -23 23 -25 -26 -27 -28 -29 -30 -31
leaf_value=-1.6707066582446732 15.832354830413847 -0.44014005134848683 -1.5872027445819765 -0.0050748351785819068 0.39186875912116648 0.086727807989097974 -2.4778801756417033 -0.10555235833494676 0.079719264321279293 -1.86457559490064 -2.148699072834654 0.028823031134210503 4.4009438622217019 6.9066830388673068 2.2176204323373407 0.18629998350657045 2.0758619499542692 3.51540084259369 2.0287545288523061 2.8165031748257352 2.3542702957307187 4.5416373043734577 -0.21612183364637039 0.32120369031006701 -0.48252091913133538 4.3855679020042011 -2.4659949881243994 3.7828340440145549 -1.5811439320186684 0.43703391089793853
leaf_weight=32 21 584 45 49 162 282 50 36 497 34 21 21 28 52 148 171 23 26 56 33 21 26 231 337 401 33 66 32 54 154
leaf_count=32 21 584 45 49 162 282 50 36 497 34 21 21 28 52 148 171 23 26 56 33 21 26 231 337 401 33 66 32 54 154
internal_value=2.57651e-05 -0.000441718 -0.00335484 -0.00244765 -6.64818e-05 0.000138905 -0.006 -0.000392122 -0.000327474 -0.00208163 -0.0015 -0.00280734 0.00329614 0.00378802 0.00286747 -1.52282e-05 0.00309091 0.00377778 0.00242857 0.00257895 0.00155556 0.00289655 -0.000139089 8.45073e-05 -0.000325036 0.00138462 -0.000782608 0.00289655 -0.00354545 0.000461539
internal_weight=3726 3260 372 277 2888 1771 95 1117 1081 245 136 109 466 217 249 1576 165 81 84 228 54 174 1251 568 683 195 115 58 88 325
internal_count=3726 3260 372 277 2888 1771 95 1117 1081 245 136 109 466 217 249 1576 165 81 84 228 54 174 1251 568 683 195 115 58 88 325
cat_boundaries=0 1 2 3 4 5 6
cat_threshold=2 2 2 2 2 2
is_linear=0
shrinkage=0.06


Tree=16
num_leaves=31
num_cat=7
split_feature=1 1 3 3 3 3 2 0 3 3 0 0 2 2 2 3 3 2 3 3 0 3 2 3 3 0 3 3 0 0
split_gain=1.41565 0.730697 0.221044 0.105211 0.0607189 0.089388 0.038938 0.0725173 0.0263315 0.021888 0.0207847 0.0133601 0.117637 0.0625132 0.0398449 0.0298063 0.0215177 0.0205855 0.02405 0.01941 0.0116959 0.0115955 0.0105758 0.0103358 0.0102941 0.00891457 0.0759033 0.0323631 0.00759767 0.00747848
threshold=772.20001220703136 594.00000000000011 18.500000000000004 11.500000000000002 13.500000000000002 17.000000000000004 1.0000000180025095e-35 0 15.500000000000002 20.500000000000004 1 2 3.4000000059604649 1.0000000180025095e-35 1.0000000180025095e-35 20.500000000000004 13.500000000000002 3.4000000059604649 13.500000000000002 20.500000000000004 3 12.500000000000002 1.0000000180025095e-35 13.500000000000002 13.500000000000002 4 19.500000000000004 19.500000000000004 5 6
decision_type=2 2 2 2 2 2 2 1 2 2 1 1 2 2 2 2 2 2 2 2 1 2 2 2 2 1 2 2 1 1
left_child=1 2 3 -1 6 22 7 -3 10 25 23 13 14 -2 -13 16 21 19 -19 -15 -4 -16 29 -5 -12 27 -27 -7 -11 -6
right_child=11 4 20 8 5 9 -8 -9 -10 28 24 12 -14 17 15 -17 -18 18 -20 -21 -22 -23 -24 -25 -26 26 -28 -29 -30 -31
leaf_value=-1.5704642587499922 14.882413540589015 -0.41373164826757897 -1.4919705799070573 -0.0047703450678682202 0.41103164278592885 0.081524139509750737 -0.099219216834850799 0.074936108462002257 -0.27703366481961711 0.175121984496177 -1.7527010592066006 0.18547965842902378 6.4922820565352657 2.0845632063970991 4.1368872304884032 4.0743123287106524 2.5254363111287521 2.6475129843361902 2.2130140779868759 4.2691390661110491 -2.3292073651032013 4.7604314957938074 4.122433827883949 -2.3180352888369349 -1.4003768573175615 -0.2031545236275891 0.30193146889146188 -0.45356966398345544 0.41081187624406312 0.3422413693812143
leaf_weight=32 21 584 45 49 94 282 36 497 40 171 34 21 52 148 28 25 42 33 21 26 50 49 33 66 56 231 337 401 154 68
leaf_count=32 21 584 45 49 94 282 36 497 40 171 34 21 52 148 28 25 42 33 21 26 50 49 33 66 56 231 337 401 154 68
internal_value=7.40743e-05 -0.000368098 -0.00287097 -0.00201444 -4.57061e-05 0.000172784 -0.000392122 -0.000327474 -0.00159184 2.28429e-05 -0.00131707 0.00316738 0.00351152 0.00286747 0.00272727 0.00308333 0.00347899 0.00257895 0.00155556 0.00289655 -0.00536842 0.00288312 0.00138462 -0.000782608 -0.002 -9.11269e-05 8.45073e-05 -0.000237189 0.000461539 0.00118519
internal_weight=3726 3260 372 277 2888 1771 1117 1081 245 1576 205 466 217 249 165 144 119 228 54 174 95 77 195 115 90 1251 568 683 325 162
internal_count=3726 3260 372 277 2888 1771 1117 1081 245 1576 205 466 217 249 165 144 119 228 54 174 95 77 195 115 90 1251 568 683 325 162
cat_boundaries=0 1 2 3 4 5 6 7
cat_threshold=2 2 2 2 2 2 2
is_linear=0
shrinkage=0.06


Tree=17
num_leaves=31
num_cat=7
split_feature=1 1 3 3 3 3 0 2 0 3 0 2 2 3 2 3 3 0 3 2 3 0 0 3 3 3 3 0 3 3
split_gain=1.28616 0.659822 0.145634 0.105211 0.0497207 0.089388 0.0467836 0.0411227 0.058193 0.0263315 0.0252273 0.117637 0.0398449 0.0298063 0.0219682 0.02405 0.0215177 0.0207847 0.0115955 0.0105758 0.0103816 0.0358798 0.0349241 0.0223843 0.0103358 0.0102941 0.00907096 0.00747848 0.00742585 0.00645565
threshold=772.20001220703136 594.00000000000011 18.500000000000004 11.500000000000002 13.500000000000002 17.000000000000004 0 1.0000000180025095e-35 1 15.500000000000002 2 3.4000000059604649 1.0000000180025095e-35 20.500000000000004 3.4000000059604649 13.500000000000002 13.500000000000002 3 12.500000000000002 1.0000000180025095e-35 19.500000000000004 4 5 20.500000000000004 13.500000000000002 13.500000000000002 12.500000000000002 6 20.500000000000004 20.500000000000004
decision_type=2 2 2 2 2 2 1 2 1 2 1 2 2 2 2 2 2 1 2 2 2 1 1 2 2 2 2 1 2 2
left_child=1 2 3 -1 7 19 -4 8 26 17 14 12 -12 16 29 -16 18 24 -14 27 21 -7 23 -22 -5 -19 -3 -6 -24 -2
right_child=10 4 6 9 5 20 -8 -9 -10 -11 11 -13 13 -15 15 -17 -18 25 -20 -21 22 -23 28 -25 -26 -27 -28 -29 -30 -31
leaf_value=-1.4762364032249917 2.1597956142990142 -0.47918856724046122 -1.4024523451126345 -0.0044841243637961268 0.38636974421877313 0.076632691139167264 -2.1894549231970108 -0.093266063824759562 0.070439941954282395 -0.26041164493044039 0.17435087892328277 6.1027451331431504 3.8886739966591017 3.8298535889880121 2.4886622052760194 2.0802332333076627 2.3739101324610261 -1.6475389956542061 4.4748056060461794 3.875087798210914 -0.42635548414444885 -0.1909652522099346 0.28381558075797558 0.16461466542640665 -2.1789531715067185 -1.3163542458785082 -0.24106135678804319 0.32170688721834151 0.38616316366941988 5.9107030032064172
leaf_weight=32 164 188 45 49 94 282 50 36 497 40 21 52 28 25 33 21 42 34 49 33 401 231 337 171 66 56 396 68 154 31
leaf_count=32 164 188 45 49 94 282 50 36 497 40 21 52 28 25 33 21 42 34 49 33 401 231 337 171 66 56 396 68 154 31
internal_value=9.01774e-05 -0.000331288 -0.00270968 -0.00201444 -2.49305e-05 0.000172784 -0.00473684 -0.000338406 -0.00027197 -0.00159184 0.00303863 0.00351152 0.00272727 0.00308333 0.00262651 0.00155556 0.00347899 -0.00131707 0.00288312 0.00138462 2.28429e-05 -0.00019883 0.000129821 -0.000188811 -0.000782608 -0.002 -0.000678082 0.00118519 0.000501019 0.00292308
internal_weight=3726 3260 372 277 2888 1771 95 1117 1081 245 466 217 165 144 249 54 119 205 77 195 1576 513 1063 572 115 90 584 162 491 195
internal_count=3726 3260 372 277 2888 1771 95 1117 1081 245 466 217 165 144 249 54 119 205 77 195 1576 513 1063 572 115 90 584 162 491 195
cat_boundaries=0 1 2 3 4 5 6 7
cat_threshold=2 2 2 2 2 2 2
is_linear=0
shrinkage=0.06


Tree=18
num_leaves=31
num_cat=8
split_feature=1 1 3 3 3 3 2 0 0 2 3 3 0 0 3 0 2 0 0 3 3 3 3 0 3 3 3 3 3 2
split_gain=1.13632 0.528916 0.0797122 0.0919177 0.0459368 0.0460991 0.043367 0.0454432 0.0207847 0.0183286 0.0340126 0.0490236 0.0260886 0.0238095 0.0186235 0.0241639 0.0182682 0.0319883 0.015942 0.0174603 0.0153149 0.0126984 0.0103358 0.010315 0.0235599 0.0108858 0.0218476 0.0102941 0.0100082 0.00757482
threshold=772.20001220703136 594.00000000000011 11.500000000000002 15.500000000000002 13.500000000000002 17.000000000000004 1.0000000180025095e-35 0 1 1.0000000180025095e-35 20.500000000000004 13.500000000000002 2 3 12.500000000000002 4 1.0000000180025095e-35 5 6 18.500000000000004 12.500000000000002 19.500000000000004 13.500000000000002 7 19.500000000000004 20.500000000000004 19.500000000000004 13.500000000000002 19.500000000000004 3.4000000059604649
decision_type=2 2 2 2 2 2 2 1 1 2 2 2 1 1 2 1 2 1 1 2 2 2 2 1 2 2 2 2 2 2
left_child=1 2 -1 8 6 16 7 20 22 13 11 14 28 -2 15 -11 17 -6 19 -5 -3 -14 -4 25 -25 26 -7 -10 -13 -16
right_child=9 4 3 18 5 23 -8 -9 27 10 -12 12 21 -15 29 -17 -18 -19 -20 -21 -22 -23 -24 24 -26 -27 -28 -29 -30 -31
leaf_value=-1.3876622190314907 13.859880991295734 -0.45043725320603467 -0.004215076901969041 -1.9875304098795719 0.36318755956564697 0.07203472967081552 -0.087670099995272449 0.066213545437024096 -1.5486866559149541 1.6955441596293812 1.8385492798848602 2.1108796755063781 3.4928389756456726 0.16388982618788525 2.8473634931594258 3.0042118459741594 3.6425825303182586 0.30240447398524112 -1.0057306365647822 -1.3183052044058763 -0.22659767538075926 4.3808029703924705 -2.048215981216317 -0.17950733707733851 0.27620929260840849 0.15473778550082101 -0.40077415509578257 -1.2373729911257965 3.3469260536241232 6.557815984370893
leaf_weight=32 21 188 49 21 94 282 36 497 34 52 55 36 28 21 105 40 33 68 69 45 396 35 66 231 491 171 401 56 32 41
leaf_count=32 21 188 49 21 94 282 36 497 34 52 55 36 28 21 105 40 33 68 69 45 396 35 66 231 491 171 401 56 32 41
internal_value=0.000138487 -0.000257668 -0.0023871 -0.00211765 1.66207e-05 0.000206663 -0.000284691 -0.000216466 -0.00131707 0.00290987 0.0030283 0.00323577 0.00416794 0.00171429 0.00272269 0.0033913 0.00107692 0.000814815 -0.00333333 -0.004 -0.000575342 0.00504762 -0.000782608 9.8985e-05 0.000265928 -4.21543e-05 -0.000149341 -0.002 0.00335294 0.00230137
internal_weight=3726 3260 372 340 2888 1771 1117 1081 205 466 424 369 131 42 238 92 195 162 135 66 584 63 115 1576 722 854 683 90 68 146
internal_count=3726 3260 372 340 2888 1771 1117 1081 205 466 424 369 131 42 238 92 195 162 135 66 584 63 115 1576 722 854 683 90 68 146
cat_boundaries=0 1 2 3 4 5 6 7 8
cat_threshold=2 2 2 2 2 2 2 2
is_linear=0
shrinkage=0.06


Tree=19
num_leaves=31
num_cat=8
split_feature=1 1 3 3 3 2 0 2 2 3 3 2 0 0 3 2 0 0 3 3 0 3 3 0 3 3 3 3 3 0
split_gain=0.983492 0.510788 0.0797122 0.0919177 0.0393254 0.0544452 0.102438 0.0725001 0.0500488 0.0341409 0.0535571 0.043367 0.0454432 0.0207847 0.0198713 0.0182682 0.0319883 0.015942 0.0174603 0.0153149 0.0111701 0.0103358 0.0102941 0.00947283 0.0163752 0.0147519 0.0104409 0.00309871 0.00200832 0.00347436
threshold=772.20001220703136 594.00000000000011 11.500000000000002 15.500000000000002 18.500000000000004 3.4000000059604649 0 1.0000000180025095e-35 3.4000000059604649 13.500000000000002 17.000000000000004 1.0000000180025095e-35 1 2 20.500000000000004 1.0000000180025095e-35 3 4 18.500000000000004 12.500000000000002 5 13.500000000000002 13.500000000000002 6 19.500000000000004 20.500000000000004 19.500000000000004 20.500000000000004 12.500000000000002 7
decision_type=2 2 2 2 2 2 1 2 2 2 2 2 1 1 2 2 1 1 2 2 1 2 2 1 2 2 2 2 2 1
left_child=1 2 -1 13 5 7 -7 -2 14 11 15 12 19 21 20 16 -11 18 -5 -3 -6 -4 -15 25 -25 26 -12 -26 -9 -30
right_child=4 9 3 17 8 6 -8 28 -10 10 23 -13 -14 22 -16 -17 -18 -19 -20 -21 -22 -23 -24 24 27 -27 -28 -29 29 -31
leaf_value=-1.3044024858896017 0.13052096359017576 -0.42341101801367359 -0.0039621722878507622 -1.8682785852867967 1.678094314338652 0.09355830733608847 3.2715224558935856 2.2122000146000391 5.5906467943649725 0.34139630599170911 0.067712645890567275 -0.082409893995557426 0.062240732710801008 -1.455765456560058 3.4739160869306067 3.4240275784991643 0.28426020554612702 -0.94538679837089379 -1.2392068921415238 -0.21300181485791198 1.6923822431123607 -1.9253230223433364 -1.1631306116582469 -0.16873689685269899 0.25021408835599229 0.14545351837077306 -0.3767277057900344 0.34642081629274796 3.0208458713895139 4.5183248149107147
leaf_weight=32 30 188 49 21 39 42 41 70 23 94 282 36 497 34 63 33 68 69 45 396 37 66 56 231 337 171 401 154 67 54
leaf_count=32 30 188 49 21 39 42 41 70 23 94 282 36 497 34 63 33 68 69 45 396 37 66 56 231 337 171 401 154 67 54
internal_value=7.40743e-05 -0.000294478 -0.0023871 -0.00211765 0.00265236 0.00225 0.000939759 0.00274208 0.00340741 -2.49305e-05 0.000138905 -0.000284691 -0.000216466 -0.00131707 0.00297842 0.00107692 0.000814815 -0.00333333 -0.004 -0.000575342 0.00363158 -0.000782608 -0.002 2.28429e-05 0.000182826 -0.000112412 -0.000237189 0.000378819 0.00317278 0.00302479
internal_weight=3726 3260 372 340 466 304 83 221 162 2888 1771 1117 1081 205 139 195 162 135 66 584 76 115 90 1576 722 854 683 491 191 121
internal_count=3726 3260 372 340 466 304 83 221 162 2888 1771 1117 1081 205 139 195 162 135 66 584 76 115 90 1576 722 854 683 491 191 121
cat_boundaries=0 1 2 3 4 5 6 7 8
cat_threshold=2 2 2 2 2 2 2 2
is_linear=0
shrinkage=0.06


Tree=20
num_leaves=31
num_cat=10
split_feature=1 1 3 3 3 0 3 3 2 0 3 3 2 0 2 0 2 0 0 3 3 0 3 0 0 3 3 3 3 0
split_gain=0.796847 0.315854 0.108934 0.0575757 0.0479025 0.0670635 0.0433486 0.0535571 0.0411227 0.0324736 0.0284478 0.0728094 0.0392779 0.102438 0.0588543 0.0202922 0.0182682 0.0319883 0.01724 0.0171485 0.0153149 0.0106756 0.0271325 0.00987309 0.00947283 0.0163752 0.0147519 0.0104409 0.00633789 0.00573099
threshold=772.20001220703136 594.00000000000011 11.500000000000002 18.500000000000004 14.500000000000002 0 13.500000000000002 17.000000000000004 1.0000000180025095e-35 1 18.500000000000004 20.500000000000004 3.4000000059604649 2 1.0000000180025095e-35 3 1.0000000180025095e-35 4 5 13.500000000000002 12.500000000000002 6 12.500000000000002 7 8 19.500000000000004 20.500000000000004 19.500000000000004 13.500000000000002 9
decision_type=2 2 2 2 2 1 2 2 2 1 2 2 2 1 2 1 2 1 1 2 2 1 2 1 1 2 2 2 2 1
left_child=1 2 -1 4 15 -6 8 16 9 20 12 23 14 -14 -2 19 17 -8 -13 -4 -3 -16 -23 -12 26 -26 27 -9 -17 -5
right_child=10 6 3 29 5 -7 7 24 -10 -11 11 18 13 -15 21 28 -18 -19 -20 -21 -22 22 -24 -25 25 -27 -28 -29 -30 -31
leaf_value=-1.2261383367362242 0.12268970577476461 -0.39800635693285358 -0.0037244419505793758 -1.1648544786130333 -1.2122643629514416 0.17640741394730558 0.32091252763220496 0.0636498871371316 -0.077465300355825509 0.058506288748153563 1.9642131183283038 2.6279612266943699 0.087944808895923557 3.0752311085399731 1.9541283033038905 -1.3684195291664536 3.2185859237892127 0.26720459321336076 3.8594884884595806 -1.8278887853151957 -0.20022170596643604 3.3423688452251006 4.2472253260160713 2.840885085393519 -0.15861268304153744 0.24462388553578138 0.13672630726852503 -0.35412404344263337 -1.1792412137387396 -1.941020581709048
leaf_weight=32 30 188 49 45 24 21 94 282 36 497 48 34 42 41 109 34 33 68 33 63 396 28 54 47 231 491 171 401 54 50
leaf_count=32 30 188 49 45 24 21 94 282 36 497 48 34 42 41 109 34 33 68 33 63 396 28 54 47 231 491 171 401 54 50
internal_value=7.40743e-05 -0.000257668 -0.00190323 -0.00158824 -0.00110204 0.000666667 -4.57061e-05 0.000138905 -0.000338406 -0.00027197 0.00239485 0.00303704 0.00205263 0.000939759 0.00247059 -0.0015 0.00107692 0.000814815 0.00152239 -0.000964285 -0.000575342 0.00285864 0.00234146 0.00410526 2.28429e-05 0.000182826 -0.000112412 -0.000237189 -0.00218182 -0.0028421
internal_weight=3726 3260 372 340 245 45 2888 1771 1117 1081 466 162 304 83 221 200 195 162 67 112 584 191 82 95 1576 722 854 683 88 95
internal_count=3726 3260 372 340 245 45 2888 1771 1117 1081 466 162 304 83 221 200 195 162 67 112 584 191 82 95 1576 722 854 683 88 95
cat_boundaries=0 1 2 3 4 5 6 7 8 9 10
cat_threshold=2 2 2 2 2 2 2 2 2 2
is_linear=0
shrinkage=0.06


Tree=21
num_leaves=31
num_cat=10
split_feature=1 1 3 3 3 3 0 2 3 3 0 2 2 0 3 3 0 2 0 0 3 3 0 0 3 3 3 3 0 0
split_gain=0.710882 0.263384 0.0433486 0.0535571 0.0428947 0.0615807 0.0670635 0.0411227 0.0409986 0.0728094 0.0324736 0.0318239 0.0413875 0.102438 0.0269397 0.0239892 0.0202922 0.0182682 0.0319883 0.01724 0.0171485 0.0153149 0.00987309 0.00947283 0.0163752 0.0147519 0.0104409 0.00633789 0.00617665 0.00573099
threshold=772.20001220703136 594.00000000000011 13.500000000000002 17.000000000000004 18.500000000000004 14.500000000000002 0 1.0000000180025095e-35 18.500000000000004 20.500000000000004 1 1.0000000180025095e-35 3.4000000059604649 2 11.500000000000002 12.500000000000002 3 1.0000000180025095e-35 4 5 13.500000000000002 12.500000000000002 6 7 19.500000000000004 20.500000000000004 19.500000000000004 13.500000000000002 8 9
decision_type=2 2 2 2 2 2 1 2 2 2 1 2 2 1 2 2 1 2 1 1 2 2 1 1 2 2 2 2 1 1
left_child=1 4 7 17 5 14 -7 10 11 22 21 -2 15 -14 -1 -13 20 18 -4 -11 -16 -3 -10 25 -25 26 -5 -18 -17 -6
right_child=8 2 3 23 29 6 -8 -9 9 19 -12 12 13 -15 16 28 27 -19 -20 -21 -22 -23 -24 24 -26 -27 -28 -29 -30 -31
leaf_value=-1.1525700365320524 0.11532832342827981 -0.37412597551688237 0.30165777597427107 0.059830893908901998 -1.0949632098962501 -1.1395285011743559 0.16582296911046829 -0.072817382334476821 1.8463603312286057 2.470283553092707 0.0549959114232638 1.9538908808384425 0.082668120362167113 2.8907172420275775 -0.0035009754335453636 2.7223474209079104 -1.2863143574164677 3.0254707683618616 0.25117231762055892 3.6279191791520051 -1.7182154581962823 -0.18820840360844954 2.670431980269909 -0.14909592205904421 0.22994645240363581 0.12852272883241311 -0.33287660083607418 -1.1084867409144146 3.9923918064551072 -1.8245593468065056
leaf_weight=32 30 188 94 282 45 24 21 36 48 34 497 70 42 41 49 67 34 33 68 33 63 396 47 231 491 171 401 54 54 50
leaf_count=32 30 188 94 282 45 24 21 36 48 34 497 70 42 41 49 67 34 33 68 33 63 396 47 231 491 171 401 54 54 50
internal_value=7.40743e-05 -0.000239264 -4.57061e-05 0.000138905 -0.00174194 -0.00136462 0.000666667 -0.000338406 0.00226609 0.00303704 -0.00027197 0.00185526 0.00205839 0.000939759 -0.00175862 0.0025445 -0.0015 0.00107692 0.000814815 0.00152239 -0.000964285 -0.000575342 0.00410526 2.28429e-05 0.000182826 -0.000112412 -0.000237189 -0.00218182 0.00203306 -0.0028421
internal_weight=3726 3260 2888 1771 372 277 45 1117 466 162 1081 304 274 83 232 191 200 195 162 67 112 584 95 1576 722 854 683 88 121 95
internal_count=3726 3260 2888 1771 372 277 45 1117 466 162 1081 304 274 83 232 191 200 195 162 67 112 584 95 1576 722 854 683 88 121 95
cat_boundaries=0 1 2 3 4 5 6 7 8 9 10
cat_threshold=2 2 2 2 2 2 2 2 2 2
is_linear=0
shrinkage=0.06


Tree=22
num_leaves=31
num_cat=7
split_feature=1 1 3 3 2 2 3 3 3 3 3 2 0 0 3 2 3 0 0 0 3 3 3 0 3 3 0 3 3 3
split_gain=0.591154 0.308828 0.0454366 0.0383796 0.0679567 0.0544387 0.0529751 0.0469364 0.0431971 0.0381674 0.0374133 0.0411227 0.0327978 0.0324736 0.0268534 0.0280497 0.0153149 0.0134569 0.0125504 0.00947283 0.0163752 0.0147519 0.0104409 0.00923521 0.00557453 0.00458289 0.00345336 0.0285358 0.0153694 0.00309871
threshold=772.20001220703136 594.00000000000011 17.000000000000004 19.500000000000004 3.4000000059604649 3.4000000059604649 13.500000000000002 12.500000000000002 20.500000000000004 11.500000000000002 13.500000000000002 1.0000000180025095e-35 0 1 17.000000000000004 1.0000000180025095e-35 12.500000000000002 2 3 4 19.500000000000004 20.500000000000004 19.500000000000004 5 12.500000000000002 13.500000000000002 6 13.500000000000002 13.500000000000002 20.500000000000004
decision_type=2 2 2 2 2 2 2 2 2 2 2 2 1 1 2 2 2 1 1 1 2 2 2 1 2 2 1 2 2 2
left_child=1 2 9 5 8 7 23 -2 -5 -1 11 13 25 16 15 18 -3 -10 -12 21 -21 22 -16 -7 -15 -9 28 -28 -11 -22
right_child=3 10 -4 4 -6 6 -8 12 17 26 14 -13 -14 24 19 -17 -18 -19 -20 20 29 -23 -24 -25 -26 -27 27 -29 -30 -31
leaf_value=-1.0834158343401299 1.8366574279881354 -0.3516784169858681 -1.4247324470542515 1.3212739359929651 5.0142256791550359 2.2217595491860469 0.3109722321549111 2.4580089232776117 4.9314182142178762 -0.0032909169075321641 0.28355830941581528 -0.068448339394409863 0.25147780244759421 0.065766709506076493 0.056241040274368284 2.84394252226015 -0.17691589939194385 2.8667613542887374 0.23610197856332546 -0.14015016673550312 0.20672702277826829 0.12081136510246779 -0.3129040047859098 2.492153697949079 0.14245677828028419 2.2160503039385149 -1.2091354959714795 -0.56189163558176325 -1.6211509112436941 0.29716134703882174
leaf_weight=32 70 188 122 50 21 33 22 60 31 49 94 36 79 201 282 33 396 32 68 231 337 171 401 30 296 38 34 63 72 154
leaf_count=32 70 188 122 50 21 33 22 60 31 49 94 36 79 201 282 33 396 32 68 231 337 171 401 30 296 38 34 63 72 154
internal_value=9.66206e-06 -0.000276073 -0.00190323 0.00200858 0.00286567 0.00166265 0.000352941 0.00211336 0.00228319 -0.00144 -6.64818e-05 -0.000338406 0.00159322 -0.00027197 0.000105026 0.000769231 -0.000575342 0.0012381 0.000444445 2.28429e-05 0.000182826 -0.000112412 -0.000237189 0.0012381 8.45073e-05 0.00232653 -0.00115596 -0.00142268 -0.000942149 0.000378819
internal_weight=3726 3260 372 466 134 332 85 247 113 250 2888 1117 177 1081 1771 195 584 63 162 1576 722 854 683 63 497 98 218 97 121 491
internal_count=3726 3260 372 466 134 332 85 247 113 250 2888 1117 177 1081 1771 195 584 63 162 1576 722 854 683 63 497 98 218 97 121 491
cat_boundaries=0 1 2 3 4 5 6 7
cat_threshold=2 2 2 2 2 2 2
is_linear=0
shrinkage=0.06


Tree=23
num_leaves=31
num_cat=8
split_feature=1 1 3 2 3 3 0 3 3 2 0 0 2 3 3 2 2 3 3 0 3 3 0 0 0 3 3 3 3 0
split_gain=0.448654 0.209877 0.0649063 0.0679567 0.0563938 0.0491476 0.0670635 0.0431971 0.0374133 0.0411227 0.0331513 0.0324736 0.0285375 0.0529751 0.0268534 0.0280497 0.0251255 0.024086 0.0342857 0.0214286 0.018904 0.0153149 0.0134569 0.0125504 0.00947283 0.0163752 0.0147519 0.0104409 0.00936654 0.00923521
threshold=772.20001220703136 594.00000000000011 19.500000000000004 3.4000000059604649 18.500000000000004 14.500000000000002 0 20.500000000000004 13.500000000000002 1.0000000180025095e-35 1 2 3.4000000059604649 13.500000000000002 17.000000000000004 1.0000000180025095e-35 1.0000000180025095e-35 13.500000000000002 12.500000000000002 3 13.500000000000002 12.500000000000002 4 5 6 19.500000000000004 20.500000000000004 19.500000000000004 13.500000000000002 7
decision_type=2 2 2 2 2 2 1 2 2 2 1 1 2 2 2 2 2 2 2 1 2 2 1 1 1 2 2 2 2 1
left_child=1 4 12 7 5 10 -7 -4 9 11 20 21 16 29 15 23 -2 18 19 -18 -1 -3 -9 -10 26 -26 27 -16 -12 -14
right_child=2 8 3 -5 -6 6 -8 22 14 -11 28 -13 13 -15 24 -17 17 -19 -20 -21 -22 -23 -24 -25 25 -27 -28 -29 -30 -31
leaf_value=-0.012007949115285327 0.093319955875726862 -0.33057771196671637 1.2419974998333874 4.7133721384057319 -1.4645310891272356 -0.98213731152132233 0.18958709064162638 4.6355331213648059 0.26654481085086673 -0.064341439030744546 -1.2779384584659996 0.047750154167504208 2.0884539762348835 0.29231389822561482 0.052866577857906806 2.6733059709245417 1.1336920234868513 1.7749754773168454 1.9644546666611542 2.914393815981998 -1.5178534760298839 -0.1663009454284281 2.6947556730314148 0.22193585984952505 -0.13174115673137257 0.20374603993084595 0.11356268319632136 -0.29412976449875372 -1.0082640383246417 2.3426244760721326
leaf_weight=68 30 188 50 21 95 24 21 31 94 36 47 497 33 22 282 33 42 42 105 28 63 396 32 68 231 491 171 401 54 30
leaf_count=68 30 188 50 21 95 24 21 31 94 36 47 497 33 22 282 33 42 42 105 28 63 396 32 68 231 491 171 401 54 30
internal_value=9.66206e-06 -0.000239264 0.00175107 0.00286567 -0.00158064 -0.00114801 0.000666667 0.00228319 -6.64818e-05 -0.000338406 -0.0015 -0.00027197 0.00130121 0.000352941 0.000105026 0.000769231 0.00162753 0.00185253 0.00154286 0.00257143 -0.000870229 -0.000575342 0.0012381 0.000444445 2.28429e-05 0.000182826 -0.000112412 -0.000237189 -0.00231683 0.0012381
internal_weight=3726 3260 466 134 372 277 45 113 2888 1117 232 1081 332 85 1771 195 247 217 175 70 131 584 63 162 1576 722 854 683 101 63
internal_count=3726 3260 466 134 372 277 45 113 2888 1117 232 1081 332 85 1771 195 247 217 175 70 131 584 63 162 1576 722 854 683 101 63
cat_boundaries=0 1 2 3 4 5 6 7 8
cat_threshold=2 2 2 2 2 2 2 2
is_linear=0
shrinkage=0.06


Tree=24
num_leaves=31
num_cat=8
split_feature=1 1 3 2 3 3 0 3 3 2 0 0 2 3 3 2 2 3 3 0 3 3 0 0 0 3 3 3 3 0
split_gain=0.448654 0.209877 0.0649063 0.0679567 0.0563938 0.0491476 0.0670635 0.0431971 0.0374133 0.0411227 0.0331513 0.0324736 0.0285375 0.0529751 0.0268534 0.0280497 0.0251255 0.024086 0.0342857 0.0214286 0.018904 0.0153149 0.0134569 0.0125504 0.00947283 0.0163752 0.0147519 0.0104409 0.00936654 0.00923521
threshold=772.20001220703136 594.00000000000011 19.500000000000004 3.4000000059604649 18.500000000000004 14.500000000000002 0 20.500000000000004 13.500000000000002 1.0000000180025095e-35 1 2 3.4000000059604649 13.500000000000002 17.000000000000004 1.0000000180025095e-35 1.0000000180025095e-35 13.500000000000002 12.500000000000002 3 13.500000000000002 12.500000000000002 4 5 6 19.500000000000004 20.500000000000004 19.500000000000004 13.500000000000002 7
decision_type=2 2 2 2 2 2 1 2 2 2 1 1 2 2 2 2 2 2 2 1 2 2 1 1 1 2 2 2 2 1
left_child=1 4 12 7 5 10 -7 -4 9 11 20 21 16 29 15 23 -2 18 19 -18 -1 -3 -9 -10 26 -26 27 -16 -12 -14
right_child=2 8 3 -5 -6 6 -8 22 14 -11 28 -13 13 -15 24 -17 17 -19 -20 -21 -22 -23 -24 -25 25 -27 -28 -29 -30 -31
leaf_value=-0.01128747216836814 0.08772075852318488 -0.31074304924871282 1.1674776498433856 4.4305698101013897 -1.3766592237795998 -0.92320907283004183 0.17821186520312898 4.3574011340829175 0.2505521221998151 -0.060480952688900927 -1.2012621509580397 0.044885144917454906 1.9631467376607918 0.2747750643320796 0.049694583186432051 2.5129076126690681 1.0656705020776405 1.6684769486778344 1.8465873866614857 2.7395301870230808 -1.4267822674680917 -0.15632288870272304 2.5330703326495301 0.2086197082585545 -0.12383668732748977 0.19152127753499673 0.10674892220454126 -0.27648197862882967 -0.94776819602516404 2.2020670075078033
leaf_weight=68 30 188 50 21 95 24 21 31 94 36 47 497 33 22 282 33 42 42 105 28 63 396 32 68 231 491 171 401 54 30
leaf_count=68 30 188 50 21 95 24 21 31 94 36 47 497 33 22 282 33 42 42 105 28 63 396 32 68 231 491 171 401 54 30
internal_value=9.66206e-06 -0.000239264 0.00175107 0.00286567 -0.00158064 -0.00114801 0.000666667 0.00228319 -6.64818e-05 -0.000338406 -0.0015 -0.00027197 0.00130121 0.000352941 0.000105026 0.000769231 0.00162753 0.00185253 0.00154286 0.00257143 -0.000870229 -0.000575342 0.0012381 0.000444445 2.28429e-05 0.000182826 -0.000112412 -0.000237189 -0.00231683 0.0012381
internal_weight=3726 3260 466 134 372 277 45 113 2888 1117 232 1081 332 85 1771 195 247 217 175 70 131 584 63 162 1576 722 854 683 101 63
internal_count=3726 3260 466 134 372 277 45 113 2888 1117 232 1081 332 85 1771 195 247 217 175 70 131 584 63 162 1576 722 854 683 101 63
cat_boundaries=0 1 2 3 4 5 6 7 8
cat_threshold=2 2 2 2 2 2 2 2
is_linear=0
shrinkage=0.06


Tree=25
num_leaves=31
num_cat=8
split_feature=1 1 3 2 3 3 2 0 3 2 3 2 2 3 3 3 3 0 0 0 3 3 0 3 0 0 3 0 3 2
split_gain=0.448654 0.16244 0.0649063 0.0679567 0.0431971 0.0319148 0.0411227 0.0324736 0.0296627 0.0285375 0.0529751 0.0280497 0.0251255 0.024086 0.0342857 0.0221833 0.0491476 0.0670635 0.0331513 0.0214286 0.018904 0.0153149 0.0145178 0.0163752 0.0134569 0.0125504 0.00936654 0.00923521 0.00593245 0.0101258
threshold=772.20001220703136 594.00000000000011 19.500000000000004 3.4000000059604649 20.500000000000004 13.500000000000002 1.0000000180025095e-35 0 17.000000000000004 3.4000000059604649 13.500000000000002 1.0000000180025095e-35 1.0000000180025095e-35 13.500000000000002 12.500000000000002 18.500000000000004 14.500000000000002 1 2 3 13.500000000000002 12.500000000000002 4 19.500000000000004 5 6 13.500000000000002 7 19.500000000000004 1.0000000180025095e-35
decision_type=2 2 2 2 2 2 2 1 2 2 2 2 2 2 2 2 2 1 1 1 2 2 1 2 1 1 2 1 2 2
left_child=1 15 9 4 -4 6 7 21 11 12 27 25 -2 14 19 16 18 -18 20 -14 -1 -3 28 -24 -6 -7 -20 -11 -10 -30
right_child=2 5 3 -5 24 8 -8 -9 22 10 -12 -13 13 -15 -16 -17 17 -19 26 -21 -22 -23 23 -25 -26 -27 -28 -29 29 -31
leaf_value=-0.010610223838266392 0.082457513011794339 -0.29209846629379171 1.0974289908527839 4.164735621495308 4.0959570660379425 0.23551899486782757 -0.056852095527565739 0.042192036222409114 0.046712908195247566 1.8453579334011441 0.25828856047215593 2.3621331559089227 1.0017302719529824 1.5683683317571642 1.7357921434617993 -1.294059670352824 -0.86781652846023893 0.16751915329094066 -1.1291864219005578 2.5751583758016952 -1.3411753314200074 -0.14694351538055911 -0.11640648608784168 0.18003000088289656 2.3810861126905594 0.19610252576304218 -0.89090210426365501 2.0699429870573338 -0.048063621187991609 -1.1361603335873487
leaf_weight=68 30 188 50 21 31 94 36 497 282 33 22 33 42 42 105 95 24 21 47 28 63 396 231 491 32 68 54 30 548 24
leaf_count=68 30 188 50 21 31 94 36 497 282 33 22 33 42 42 105 95 24 21 47 28 63 396 231 491 32 68 54 30 548 24
internal_value=9.66206e-06 -0.000239264 0.00175107 0.00286567 0.00228319 -8.72574e-05 -0.000338406 -0.00027197 7.11465e-05 0.00130121 0.000352941 0.000769231 0.00162753 0.00185253 0.00154286 -0.00141935 -0.00114801 0.000666667 -0.0015 0.00257143 -0.000870229 -0.000575342 -1.52282e-05 0.000182826 0.0012381 0.000444445 -0.00231683 0.0012381 -0.00018267 -0.000293706
internal_weight=3726 3260 466 134 113 2888 1117 1081 1771 332 85 195 247 217 175 372 277 45 232 70 131 584 1576 722 63 162 101 63 854 572
internal_count=3726 3260 466 134 113 2888 1117 1081 1771 332 85 195 247 217 175 372 277 45 232 70 131 584 1576 722 63 162 101 63 854 572
cat_boundaries=0 1 2 3 4 5 6 7 8
cat_threshold=2 2 2 2 2 2 2 2
is_linear=0
shrinkage=0.06


Tree=26
num_leaves=31
num_cat=7
split_feature=1 1 3 2 3 3 3 3 3 0 0 3 2 1 3 3 3 3 0 0 3 3 0 3 3 2 3 3 0 0
split_gain=0.299425 0.153355 0.127772 0.0679567 0.0454385 0.0431971 0.0269476 0.0221833 0.0491476 0.0670635 0.0331513 0.018904 0.0179166 0.0689772 0.045525 0.0571745 0.0278451 0.0266749 0.0134569 0.0111175 0.0129695 0.012835 0.0107353 0.0215101 0.0184817 0.0101258 0.00936654 0.00455905 0.00392285 0.00332512
threshold=675.00000000000011 594.00000000000011 19.500000000000004 3.4000000059604649 17.000000000000004 20.500000000000004 13.500000000000002 18.500000000000004 14.500000000000002 0 1 13.500000000000002 3.4000000059604649 772.20001220703136 13.500000000000002 12.500000000000002 13.500000000000002 12.500000000000002 2 3 19.500000000000004 19.500000000000004 4 12.500000000000002 12.500000000000002 1.0000000180025095e-35 13.500000000000002 20.500000000000004 5 6
decision_type=2 2 2 2 2 2 2 2 2 1 1 2 2 2 2 2 2 2 1 1 2 2 1 2 2 2 2 2 1 1
left_child=1 7 4 5 12 -4 22 8 10 -10 11 -1 16 -14 15 -15 17 28 -7 20 -8 -21 24 -24 -3 27 -12 -22 -2 -19
right_child=2 6 3 -5 -6 18 19 -9 9 -11 26 -13 13 14 -16 -17 -18 29 -20 21 25 -23 23 -25 -26 -27 -28 -29 -30 -31
leaf_value=-0.0099736104079693171 1.2134868112493393 -0.27457255831616406 1.0315832514016166 3.9148514842055895 0.07096253316891292 3.8501996420756655 0.15212443207046888 -1.2164160901316527 -0.81574753675262379 0.15746800409348516 -1.0614352365865245 -1.2607048115348072 4.6111178906108643 0.082384407324303632 -0.21111352990342822 5.0636914868057943 8.6995867572433259 1.9777183360738921 2.2382209459291245 -0.070659830724532316 -0.17691231960738718 0.16922820082992376 0.053731066817273354 -0.12861913293267091 -0.084720165380654175 -1.067990713572109 -0.83744797800783544 0.10322780078571099 1.6123799627611948 0.67534336433565967
leaf_weight=68 46 188 50 21 42 31 370 95 24 21 47 63 22 22 20 41 51 60 32 294 397 491 201 306 400 24 54 151 38 56
leaf_count=68 46 188 50 21 42 31 370 95 24 21 47 63 22 22 20 41 51 60 32 294 397 491 201 306 400 24 54 151 38 56
internal_value=-5.47502e-05 -0.000274264 0.00126316 0.00286567 0.000723618 0.00228319 -0.000123317 -0.00141935 -0.00114801 0.000666667 -0.0015 -0.000870229 0.00094382 0.000285715 -0.000506024 0.000285715 0.00121912 0.0009 0.0012381 2.43199e-05 -0.000114649 0.000191083 -0.000356164 -0.000153846 -0.000530612 -0.000293706 -0.00231683 -0.000240876 0.00171429 0.000310345
internal_weight=3726 3194 532 134 398 113 2822 372 277 45 232 131 356 105 83 63 251 200 63 1727 942 785 1095 507 588 572 101 548 84 116
internal_count=3726 3194 532 134 398 113 2822 372 277 45 232 131 356 105 83 63 251 200 63 1727 942 785 1095 507 588 572 101 548 84 116
cat_boundaries=0 1 2 3 4 5 6 7
cat_threshold=2 2 2 2 2 2 2
is_linear=0
shrinkage=0.06


Tree=27
num_leaves=31
num_cat=6
split_feature=1 1 3 3 3 3 2 1 3 3 3 3 0 3 3 3 3 0 0 3 3 0 3 3 2 3 3 3 0 0
split_gain=0.21181 0.11756 0.0432693 0.186567 0.0454385 0.0269476 0.0179166 0.0689772 0.045525 0.0571745 0.0278451 0.0266749 0.0154051 0.0285997 0.0333333 0.101693 0.0149822 0.0119722 0.0111175 0.0129695 0.012835 0.0107353 0.0215101 0.0184817 0.0101258 0.00696621 0.0074638 0.00455905 0.00392285 0.00332512
threshold=675.00000000000011 594.00000000000011 19.500000000000004 20.500000000000004 17.000000000000004 13.500000000000002 3.4000000059604649 772.20001220703136 13.500000000000002 12.500000000000002 13.500000000000002 12.500000000000002 0 13.500000000000002 18.500000000000004 14.500000000000002 13.500000000000002 1 2 19.500000000000004 19.500000000000004 3 12.500000000000002 12.500000000000002 1.0000000180025095e-35 18.500000000000004 15.500000000000002 20.500000000000004 4 5
decision_type=2 2 2 2 2 2 2 2 2 2 2 2 1 2 2 2 2 1 1 2 2 1 2 2 2 2 2 2 1 1
left_child=1 12 4 -4 6 21 10 -8 9 -9 11 28 16 -14 15 -15 -1 -5 19 -7 -20 23 -23 -3 27 26 -18 -21 -2 -13
right_child=2 5 3 17 -6 18 7 8 -10 -11 -12 29 13 14 -16 -17 25 -19 20 24 -22 22 -24 -25 -26 -27 -28 -29 -30 -31
leaf_value=-0.0093751937834895219 1.1406776025743806 -0.25809820481719498 2.7023121400139329 0.99441167698940958 0.066704781178779704 0.14299696614624013 4.3344508171742113 0.077441342884845749 -0.19844671810922418 4.759869997597443 8.1776115518087273 1.8590552359094612 -0.99774912239133262 -0.78720109932736471 -1.3085018747713808 0.14801992384787757 -1.1669773785302595 2.6474103632875243 -0.066420240881060078 -0.16629758043094511 0.15907450878012772 0.050507202808238387 -0.12090198495671073 -0.079636955457815475 -1.0039112707577829 -0.62268150607573947 -1.3142557241737076 0.097034132738568812 1.5156371649955211 0.63482276247552083
leaf_weight=68 46 188 67 34 42 370 22 22 20 41 51 60 47 54 50 21 66 33 294 397 491 201 306 400 24 45 21 151 38 56
leaf_count=68 46 188 67 34 42 370 22 22 20 41 51 60 47 54 50 21 66 33 294 397 491 201 306 400 24 45 21 151 38 56
internal_value=-7.08532e-05 -0.000255479 0.00103759 0.00197015 0.000723618 -0.000123317 0.00094382 0.000285715 -0.000506024 0.000285715 0.00121912 0.0009 -0.00125806 -0.00167442 -0.0012 -0.0004 -0.0009 -0.000268656 2.43199e-05 -0.000114649 0.000191083 -0.000356164 -0.000153846 -0.000530612 -0.000293706 -0.00127273 -0.00158621 -0.000240876 0.00171429 0.000310345
internal_weight=3726 3194 532 134 398 2822 356 105 83 63 251 200 372 172 125 75 200 67 1727 942 785 1095 507 588 572 132 87 548 84 116
internal_count=3726 3194 532 134 398 2822 356 105 83 63 251 200 372 172 125 75 200 67 1727 942 785 1095 507 588 572 132 87 548 84 116
cat_boundaries=0 1 2 3 4 5 6
cat_threshold=2 2 2 2 2 2
is_linear=0
shrinkage=0.06


Tree=28
num_leaves=31
num_cat=9
split_feature=1 1 3 3 3 3 2 1 3 3 3 3 0 0 3 3 3 3 0 0 3 0 0 3 2 3 3 0 0 0
split_gain=0.21181 0.082778 0.0432693 0.186567 0.0454385 0.022251 0.0179166 0.0689772 0.045525 0.0571745 0.0278451 0.0266749 0.0119722 0.0107353 0.0215101 0.0184817 0.0082393 0.038115 0.0670635 0.0197661 0.0133318 0.0169805 0.00625362 0.0129695 0.0101258 0.00733992 0.00455905 0.00392285 0.00332512 0.00256167
threshold=675.00000000000011 594.00000000000011 19.500000000000004 20.500000000000004 17.000000000000004 13.500000000000002 3.4000000059604649 772.20001220703136 13.500000000000002 12.500000000000002 13.500000000000002 12.500000000000002 0 1 12.500000000000002 12.500000000000002 18.500000000000004 14.500000000000002 2 3 13.500000000000002 4 5 19.500000000000004 1.0000000180025095e-35 19.500000000000004 20.500000000000004 6 7 8
decision_type=2 2 2 2 2 2 2 2 2 2 2 2 1 1 2 2 2 2 1 1 2 1 1 2 2 2 2 1 1 1
left_child=1 16 4 -4 6 13 10 -8 9 -9 11 27 -5 15 -15 -3 17 20 -19 -18 21 -1 23 -7 26 -24 -25 -2 -13 -12
right_child=2 5 3 12 -6 22 7 8 -10 -11 29 28 -14 14 -16 -17 19 18 -20 -21 -22 -23 25 24 -26 -27 -28 -29 -30 -31
leaf_value=-0.0088126821564787853 1.0722369464199175 -0.24261231252816287 2.5401734116130936 0.93474697637004289 0.062702494308050361 0.13441714817746475 4.0743837681437576 0.072794862311753694 -0.18653991502267125 4.4742777977415971 3.0716608420162603 1.7475119217548967 2.4885657414902695 0.047476770639742649 -0.11364786585930685 -0.074858738130345728 -0.58532061571119354 -0.68794734109704314 0.13913872841700545 -1.2299917622850989 -1.0909303498894645 -0.93788417504785315 -0.062435026428194887 -0.15631972560508983 -0.943676594512316 0.14953003825332037 0.091212084774256255 1.4246989350957915 0.59673339672698955 11.441172144513459
leaf_weight=68 46 188 67 34 42 370 22 22 20 41 31 60 33 201 306 400 45 24 21 50 117 47 294 397 24 491 151 38 56 20
leaf_count=68 46 188 67 34 42 370 22 22 20 41 31 60 33 201 306 400 45 24 21 50 117 47 294 397 24 491 151 38 56 20
internal_value=-7.08532e-05 -0.000255479 0.00103759 0.00197015 0.000723618 -0.000144578 0.00094382 0.000285715 -0.000506024 0.000285715 0.00121912 0.0009 -0.000268656 -0.000356164 -0.000153846 -0.000530612 -0.00109677 -0.000931408 0.000666667 -0.00157895 -0.00124138 -0.000782608 -1.04225e-05 -0.000114649 -0.000293706 0.00011465 -0.000240876 0.00171429 0.000310345 0.00247059
internal_weight=3726 3194 532 134 398 2822 356 105 83 63 251 200 67 1095 507 588 372 277 45 95 232 115 1727 942 572 785 548 84 116 51
internal_count=3726 3194 532 134 398 2822 356 105 83 63 251 200 67 1095 507 588 372 277 45 95 232 115 1727 942 572 785 548 84 116 51
cat_boundaries=0 1 2 3 4 5 6 7 8 9
cat_threshold=2 2 2 2 2 2 2 2 2
is_linear=0
shrinkage=0.06


Tree=29
num_leaves=31
num_cat=7
split_feature=1 1 3 3 2 0 2 3 3 2 3 1 3 3 3 0 0 3 3 0 0 3 0 3 3 0 3 3 3 3
split_gain=0.182136 0.0791226 0.054368 0.186567 0.119123 0.0203018 0.0529482 0.0298064 0.0171391 0.0238769 0.078055 0.0689772 0.045525 0.0571745 0.026455 0.0170068 0.0119722 0.0082393 0.038115 0.0670635 0.0197661 0.0133318 0.0169805 0.00455393 0.00610468 0.00392285 0.00339392 0.00566353 0.00480519 0.00506387
threshold=675.00000000000011 594.00000000000011 19.500000000000004 20.500000000000004 1.0000000180025095e-35 0 1.0000000180025095e-35 12.500000000000002 17.000000000000004 3.4000000059604649 13.500000000000002 772.20001220703136 13.500000000000002 12.500000000000002 12.500000000000002 1 2 18.500000000000004 14.500000000000002 3 4 13.500000000000002 5 12.500000000000002 19.500000000000004 6 20.500000000000004 19.500000000000004 13.500000000000002 18.500000000000004
decision_type=2 2 2 2 2 1 2 2 2 2 2 2 2 2 2 1 1 2 2 1 1 2 1 2 2 1 2 2 2 2
left_child=1 17 4 -4 -2 7 23 -3 9 10 14 -11 13 -13 25 -16 -5 18 21 -20 -19 22 -1 -7 -25 -6 27 28 -9 -30
right_child=2 5 3 16 8 6 -8 26 -10 11 -12 12 -14 -15 15 -17 -18 20 19 -21 -22 -23 -24 24 -26 -27 -28 -29 29 -31
leaf_value=-0.0082839212270903323 -1.2873980026062126 -0.22805557377647459 2.3877630069163094 0.87866215778783741 1.0079027296347214 0.044628164401359527 -0.92220337011179787 -0.070367213842525866 0.69133526378626176 3.8299207420551307 7.4559785919448984 0.068427170573048535 -0.17534752012131227 4.2058211298771013 0.73493560698593452 2.8076862518847223 2.3392517970008564 -0.55020137876852349 -0.64667050063122222 0.13079040471198658 -1.1561922565479914 -1.0254745288960976 -0.88161112454498347 -0.028498281477260735 0.12406864668140656 1.3392169989900458 0.085739363045636313 -0.22703746510121731 0.23223187594554245 0.059810792068788032
leaf_weight=68 34 188 67 34 46 201 28 400 38 22 32 22 20 41 56 49 33 45 24 21 50 117 47 589 474 38 171 401 96 274
leaf_count=68 34 188 67 34 46 201 28 400 38 22 32 22 20 41 56 49 33 45 24 21 50 117 47 589 474 38 171 401 96 274
internal_value=-0.000103059 -0.000274264 0.000924812 0.00197015 0.000572865 -0.00016584 9.28815e-06 -0.000313725 0.00089011 0.00103068 0.00138462 0.000285715 -0.000506024 0.000285715 0.000920635 0.000285715 -0.000268656 -0.00109677 -0.000931408 0.000666667 -0.00157895 -0.00124138 -0.000782608 6.64559e-05 1.69334e-05 0.00171429 -0.000214605 -0.000251067 -0.000155844 2.23517e-10
internal_weight=3726 3194 532 134 398 2822 1292 1530 364 326 221 105 83 63 189 105 67 372 277 45 95 232 115 1264 1063 84 1342 1171 770 370
internal_count=3726 3194 532 134 398 2822 1292 1530 364 326 221 105 83 63 189 105 67 372 277 45 95 232 115 1264 1063 84 1342 1171 770 370
cat_boundaries=0 1 2 3 4 5 6 7
cat_threshold=2 2 2 2 2 2 2
is_linear=0
shrinkage=0.06


Tree=30
num_leaves=31
num_cat=8
split_feature=1 1 3 3 2 3 2 3 3 0 0 3 0 3 3 3 2 0 2 3 3 0 0 3 0 3 3 3 0 3
split_gain=0.167963 0.0857708 0.0338108 0.101045 0.0392418 0.0554659 0.029892 0.0275783 0.0571745 0.0238455 0.0214286 0.0193342 0.0192431 0.0190315 0.0381839 0.0173618 0.112523 0.0119722 0.0101884 0.0082393 0.038115 0.0670635 0.0197661 0.0133318 0.0169805 0.00770217 0.00394491 0.00447919 0.00332512 0.00252014
threshold=772.20001220703136 594.00000000000011 20.500000000000004 19.500000000000004 3.4000000059604649 12.500000000000002 3.4000000059604649 13.500000000000002 12.500000000000002 0 1 12.500000000000002 2 18.500000000000004 13.500000000000002 19.500000000000004 1.0000000180025095e-35 3 1.0000000180025095e-35 18.500000000000004 14.500000000000002 4 5 13.500000000000002 6 12.500000000000002 13.500000000000002 18.500000000000004 7 20.500000000000004
decision_type=2 2 2 2 2 2 2 2 2 1 1 2 1 2 2 2 2 1 2 2 2 1 1 2 1 2 2 2 1 2
left_child=1 19 3 4 5 10 9 8 -6 11 -2 -3 -5 14 28 16 25 -4 26 20 23 -22 -21 24 -1 -11 -13 -28 -7 -29
right_child=2 6 17 12 7 13 -8 -9 -10 15 -12 18 -14 -15 -16 -17 -18 -19 -20 22 21 -23 -24 -25 -26 -27 27 29 -30 -31
leaf_value=-0.007786885953465798 0.67556821024310232 -0.1851793441421421 0.82594242832056586 2.0073898313849008 0.064321540338665814 1.598565070030445 1.5455041503636047 0.28907810783321908 3.9534718620844749 0.04195047453727966 2.0671328895430383 -0.11955192008904646 2.6962826229003838 0.43905682063925705 7.2734034873456821 0.16248564974236226 -0.40577344786632241 2.1988966891808035 -1.4501636079294786 -0.51718929604241226 -0.60787027059334919 0.12294298042926648 -1.0868207211551135 -0.96394605716233173 -0.82871445707228508 -0.015117228506633855 0.18168162983537059 -0.072729052333393912 0.51532072530791306 0.080594997905060375
leaf_weight=68 42 192 34 32 22 60 40 22 41 201 28 396 35 26 35 486 31 33 33 45 24 21 50 117 47 590 94 674 56 151
leaf_count=68 42 192 34 32 22 60 40 22 41 201 28 396 35 26 35 486 31 33 33 45 24 21 50 117 47 590 94 674 56 151
internal_value=-8.69563e-05 -0.000239264 0.000978541 0.00118797 0.000759036 0.0011417 -0.000128809 -0.000352941 0.000285715 -0.000151685 0.00257143 -0.000311688 0.00331343 0.000576271 0.000834437 3.66975e-05 -0.000131387 -0.000268656 -0.000231454 -0.00109677 -0.000931408 0.000666667 -0.00157895 -0.00124138 -0.000782608 7.58556e-06 -0.000205323 -0.000137105 0.000310345 -0.000181818
internal_weight=3726 3260 466 399 332 247 2888 85 63 2848 70 1540 67 177 151 1308 822 67 1348 372 277 45 95 232 115 791 1315 919 116 825
internal_count=3726 3260 466 399 332 247 2888 85 63 2848 70 1540 67 177 151 1308 822 67 1348 372 277 45 95 232 115 791 1315 919 116 825
cat_boundaries=0 1 2 3 4 5 6 7 8
cat_threshold=2 2 2 2 2 2 2 2
is_linear=0
shrinkage=0.06


end of trees

feature_importances:
hour=512
platform=225
rain=122
eta_pred_s=70

parameters:
[boosting: gbdt]
[objective: quantile]
[metric: quantile]
[tree_learner: serial]
[device_type: cpu]
[data_sample_strategy: bagging]
[data: ]
[valid: ]
[num_iterations: 80]
[learning_rate: 0.06]
[num_leaves: 31]
[num_threads: 4]
[seed: 0]
[deterministic: 0]
[force_col_wise: 0]
[force_row_wise: 0]
[histogram_pool_size: -1]
[max_depth: -1]
[min_data_in_leaf: 20]
[min_sum_hessian_in_leaf: 0.001]
[bagging_fraction: 1]
[pos_bagging_fraction: 1]
[neg_bagging_fraction: 1]
[bagging_freq: 0]
[bagging_seed: 7719]
[bagging_by_query: 0]
[feature_fraction: 1]
[feature_fraction_bynode: 1]
[feature_fraction_seed: 2437]
[extra_trees: 0]
[extra_seed: 11797]
[early_stopping_round: 0]
[early_stopping_min_delta: 0]
[first_metric_only: 0]
[max_delta_step: 0]
[lambda_l1: 0]
[lambda_l2: 0]
[linear_lambda: 0]
[min_gain_to_split: 0]
[drop_rate: 0.1]
[max_drop: 50]
[skip_drop: 0.5]
[xgboost_dart_mode: 0]
[uniform_drop: 0]
[drop_seed: 21238]
[top_rate: 0.2]
[other_rate: 0.1]
[min_data_per_group: 100]
[max_cat_threshold: 32]
[cat_l2: 10]
[cat_smooth: 10]
[max_cat_to_onehot: 4]
[top_k: 20]
[monotone_constraints: ]
[monotone_constraints_method: basic]
[monotone_penalty: 0]
[feature_contri: ]
[forcedsplits_filename: ]
[refit_decay_rate: 0.9]
[cegb_tradeoff: 1]
[cegb_penalty_split: 0]
[cegb_penalty_feature_lazy: ]
[cegb_penalty_feature_coupled: ]
[path_smooth: 0]
[interaction_constraints: ]
[verbosity: -1]
[saved_feature_importance_type: 0]
[use_quantized_grad: 0]
[num_grad_quant_bins: 4]
[quant_train_renew_leaf: 0]
[stochastic_rounding: 1]
[linear_tree: 0]
[max_bin: 255]
[max_bin_by_feature: ]
[min_data_in_bin: 3]
[bin_construct_sample_cnt: 200000]
[data_random_seed: 38]
[is_enable_sparse: 1]
[enable_bundle: 1]
[use_missing: 1]
[zero_as_missing: 0]
[feature_pre_filter: 1]
[pre_partition: 0]
[two_round: 0]
[header: 0]
[label_column: ]
[weight_column: ]
[group_column: ]
[ignore_column: ]
[categorical_feature: 0]
[forcedbins_filename: ]
[precise_float_parser: 0]
[parser_config_file: ]
[objective_seed: 8855]
[num_class: 1]
[is_unbalance: 0]
[scale_pos_weight: 1]
[sigmoid: 1]
[boost_from_average: 1]
[reg_sqrt: 0]
[alpha: 0.1]
[fair_c: 1]
[poisson_max_delta_step: 0.7]
[tweedie_variance_power: 1.5]
[lambdarank_truncation_level: 30]
[lambdarank_norm: 1]
[label_gain: ]
[lambdarank_position_bias_regularization: 0]
[eval_at: ]
[multi_error_top_k: 1]
[auc_mu_weights: ]
[num_machines: 1]
[local_listen_port: 12400]
[time_out: 120]
[machine_list_filename: ]
[machines: ]
[gpu_platform_id: -1]
[gpu_device_id: -1]
[gpu_device_id_list: ]
[gpu_use_dp: 0]
[num_gpu: 1]

end of parameters

pandas_categorical:null
